ID,class
val_0.JPEG,n02977058
val_1.JPEG,n01770393
val_2.JPEG,n03179701
val_3.JPEG,n02123394
val_4.JPEG,n02480495
val_5.JPEG,n02233338
val_6.JPEG,n03637318
val_7.JPEG,n03637318
val_8.JPEG,n03179701
val_9.JPEG,n02233338
val_10.JPEG,n03637318
val_11.JPEG,n01443537
val_12.JPEG,n01774384
val_13.JPEG,n03179701
val_14.JPEG,n02058221
val_15.JPEG,n02977058
val_16.JPEG,n02395406
val_17.JPEG,n02977058
val_18.JPEG,n02058221
val_19.JPEG,n03763968
val_20.JPEG,n03763968
val_21.JPEG,n02123394
val_22.JPEG,n03763968
val_23.JPEG,n02233338
val_24.JPEG,n02058221
val_25.JPEG,n03637318
val_26.JPEG,n02802426
val_27.JPEG,n02977058
val_28.JPEG,n02058221
val_29.JPEG,n02123394
val_30.JPEG,n03179701
val_31.JPEG,n07873807
val_32.JPEG,n04562935
val_33.JPEG,n01443537
val_34.JPEG,n03179701
val_35.JPEG,n02977058
val_36.JPEG,n01770393
val_37.JPEG,n02058221
val_38.JPEG,n01770393
val_39.JPEG,n02977058
val_40.JPEG,n02977058
val_41.JPEG,n02486410
val_42.JPEG,n03637318
val_43.JPEG,n02123394
val_44.JPEG,n03763968
val_45.JPEG,n01770393
val_46.JPEG,n04311004
val_47.JPEG,n01443537
val_48.JPEG,n02504458
val_49.JPEG,n03179701
val_50.JPEG,n01770393
val_51.JPEG,n02233338
val_52.JPEG,n01770393
val_53.JPEG,n02395406
val_54.JPEG,n02058221
val_55.JPEG,n03179701
val_56.JPEG,n02480495
val_57.JPEG,n03179701
val_58.JPEG,n02504458
val_59.JPEG,n02233338
val_60.JPEG,n02123394
val_61.JPEG,n01443537
val_62.JPEG,n07873807
val_63.JPEG,n02233338
val_64.JPEG,n03637318
val_65.JPEG,n04311004
val_66.JPEG,n02802426
val_67.JPEG,n04562935
val_68.JPEG,n01443537
val_69.JPEG,n01443537
val_70.JPEG,n02233338
val_71.JPEG,n02977058
val_72.JPEG,n02977058
val_73.JPEG,n03637318
val_74.JPEG,n02233338
val_75.JPEG,n01770393
val_76.JPEG,n02395406
val_77.JPEG,n02963159
val_78.JPEG,n01443537
val_79.JPEG,n02395406
val_80.JPEG,n02395406
val_81.JPEG,n02058221
val_82.JPEG,n01443537
val_83.JPEG,n01774384
val_84.JPEG,n03980874
val_85.JPEG,n02123394
val_86.JPEG,n02480495
val_87.JPEG,n02486410
val_88.JPEG,n02504458
val_89.JPEG,n02480495
val_90.JPEG,n02802426
val_91.JPEG,n02058221
val_92.JPEG,n02963159
val_93.JPEG,n03763968
val_94.JPEG,n03763968
val_95.JPEG,n02486410
val_96.JPEG,n01774384
val_97.JPEG,n01770393
val_98.JPEG,n03763968
val_99.JPEG,n03179701
val_100.JPEG,n02802426
val_101.JPEG,n02233338
val_102.JPEG,n01443537
val_103.JPEG,n02395406
val_104.JPEG,n01774384
val_105.JPEG,n02233338
val_106.JPEG,n02058221
val_107.JPEG,n04562935
val_108.JPEG,n02123394
val_109.JPEG,n02977058
val_110.JPEG,n01770393
val_111.JPEG,n02963159
val_112.JPEG,n03637318
val_113.JPEG,n02977058
val_114.JPEG,n02977058
val_115.JPEG,n01770393
val_116.JPEG,n02486410
val_117.JPEG,n04562935
val_118.JPEG,n01770393
val_119.JPEG,n02802426
val_120.JPEG,n03179701
val_121.JPEG,n02233338
val_122.JPEG,n02233338
val_123.JPEG,n02504458
val_124.JPEG,n03763968
val_125.JPEG,n03637318
val_126.JPEG,n04311004
val_127.JPEG,n03179701
val_128.JPEG,n02395406
val_129.JPEG,n02395406
val_130.JPEG,n02395406
val_131.JPEG,n02395406
val_132.JPEG,n02977058
val_133.JPEG,n02480495
val_134.JPEG,n07873807
val_135.JPEG,n02233338
val_136.JPEG,n02058221
val_137.JPEG,n02977058
val_138.JPEG,n02123394
val_139.JPEG,n02977058
val_140.JPEG,n04311004
val_141.JPEG,n01770393
val_142.JPEG,n02977058
val_143.JPEG,n03763968
val_144.JPEG,n02123394
val_145.JPEG,n02486410
val_146.JPEG,n01443537
val_147.JPEG,n02963159
val_148.JPEG,n02802426
val_149.JPEG,n02123394
val_150.JPEG,n02123394
val_151.JPEG,n03637318
val_152.JPEG,n03980874
val_153.JPEG,n03179701
val_154.JPEG,n02486410
val_155.JPEG,n03980874
val_156.JPEG,n02480495
val_157.JPEG,n03179701
val_158.JPEG,n01443537
val_159.JPEG,n07873807
val_160.JPEG,n02480495
val_161.JPEG,n02486410
val_162.JPEG,n02963159
val_163.JPEG,n02480495
val_164.JPEG,n01770393
val_165.JPEG,n04562935
val_166.JPEG,n02123394
val_167.JPEG,n02395406
val_168.JPEG,n03179701
val_169.JPEG,n02233338
val_170.JPEG,n03179701
val_171.JPEG,n02504458
val_172.JPEG,n02486410
val_173.JPEG,n03637318
val_174.JPEG,n02123394
val_175.JPEG,n03763968
val_176.JPEG,n02486410
val_177.JPEG,n03763968
val_178.JPEG,n02802426
val_179.JPEG,n02504458
val_180.JPEG,n02504458
val_181.JPEG,n02233338
val_182.JPEG,n01443537
val_183.JPEG,n02977058
val_184.JPEG,n02963159
val_185.JPEG,n03637318
val_186.JPEG,n01443537
val_187.JPEG,n02504458
val_188.JPEG,n02233338
val_189.JPEG,n02233338
val_190.JPEG,n02480495
val_191.JPEG,n02058221
val_192.JPEG,n01774384
val_193.JPEG,n03763968
val_194.JPEG,n02395406
val_195.JPEG,n03637318
val_196.JPEG,n02395406
val_197.JPEG,n02058221
val_198.JPEG,n02058221
val_199.JPEG,n01443537
val_200.JPEG,n02504458
val_201.JPEG,n02480495
val_202.JPEG,n02977058
val_203.JPEG,n01443537
val_204.JPEG,n01443537
val_205.JPEG,n01770393
val_206.JPEG,n03763968
val_207.JPEG,n03179701
val_208.JPEG,n01770393
val_209.JPEG,n03179701
val_210.JPEG,n04562935
val_211.JPEG,n02486410
val_212.JPEG,n03179701
val_213.JPEG,n02395406
val_214.JPEG,n03637318
val_215.JPEG,n02233338
val_216.JPEG,n02977058
val_217.JPEG,n03179701
val_218.JPEG,n02977058
val_219.JPEG,n03179701
val_220.JPEG,n03980874
val_221.JPEG,n02233338
val_222.JPEG,n07873807
val_223.JPEG,n02963159
val_224.JPEG,n02480495
val_225.JPEG,n07873807
val_226.JPEG,n02233338
val_227.JPEG,n04562935
val_228.JPEG,n01443537
val_229.JPEG,n03179701
val_230.JPEG,n01770393
val_231.JPEG,n02233338
val_232.JPEG,n02480495
val_233.JPEG,n02480495
val_234.JPEG,n03179701
val_235.JPEG,n03763968
val_236.JPEG,n02977058
val_237.JPEG,n04562935
val_238.JPEG,n01770393
val_239.JPEG,n02480495
val_240.JPEG,n02802426
val_241.JPEG,n02504458
val_242.JPEG,n02123394
val_243.JPEG,n02058221
val_244.JPEG,n04311004
val_245.JPEG,n02058221
val_246.JPEG,n02504458
val_247.JPEG,n02233338
val_248.JPEG,n03763968
val_249.JPEG,n02504458
val_250.JPEG,n02802426
val_251.JPEG,n03179701
val_252.JPEG,n07873807
val_253.JPEG,n03763968
val_254.JPEG,n02977058
val_255.JPEG,n03179701
val_256.JPEG,n03179701
val_257.JPEG,n02123394
val_258.JPEG,n03179701
val_259.JPEG,n02395406
val_260.JPEG,n02123394
val_261.JPEG,n03179701
val_262.JPEG,n02963159
val_263.JPEG,n01770393
val_264.JPEG,n03637318
val_265.JPEG,n02480495
val_266.JPEG,n03763968
val_267.JPEG,n02480495
val_268.JPEG,n02058221
val_269.JPEG,n01443537
val_270.JPEG,n02480495
val_271.JPEG,n02977058
val_272.JPEG,n02802426
val_273.JPEG,n04311004
val_274.JPEG,n02504458
val_275.JPEG,n02395406
val_276.JPEG,n02123394
val_277.JPEG,n02977058
val_278.JPEG,n02977058
val_279.JPEG,n02123394
val_280.JPEG,n02233338
val_281.JPEG,n03179701
val_282.JPEG,n02963159
val_283.JPEG,n01443537
val_284.JPEG,n02233338
val_285.JPEG,n02977058
val_286.JPEG,n02395406
val_287.JPEG,n03763968
val_288.JPEG,n03179701
val_289.JPEG,n07873807
val_290.JPEG,n02802426
val_291.JPEG,n02233338
val_292.JPEG,n02123394
val_293.JPEG,n02504458
val_294.JPEG,n07873807
val_295.JPEG,n02977058
val_296.JPEG,n02480495
val_297.JPEG,n02977058
val_298.JPEG,n07873807
val_299.JPEG,n01774384
val_300.JPEG,n07873807
val_301.JPEG,n04311004
val_302.JPEG,n02480495
val_303.JPEG,n02123394
val_304.JPEG,n01770393
val_305.JPEG,n07873807
val_306.JPEG,n02977058
val_307.JPEG,n03179701
val_308.JPEG,n03980874
val_309.JPEG,n02233338
val_310.JPEG,n02486410
val_311.JPEG,n03179701
val_312.JPEG,n02802426
val_313.JPEG,n02802426
val_314.JPEG,n04311004
val_315.JPEG,n01770393
val_316.JPEG,n03179701
val_317.JPEG,n02123394
val_318.JPEG,n02123394
val_319.JPEG,n03179701
val_320.JPEG,n03637318
val_321.JPEG,n03637318
val_322.JPEG,n03763968
val_323.JPEG,n03637318
val_324.JPEG,n02480495
val_325.JPEG,n03763968
val_326.JPEG,n02977058
val_327.JPEG,n02233338
val_328.JPEG,n03179701
val_329.JPEG,n04562935
val_330.JPEG,n02977058
val_331.JPEG,n01443537
val_332.JPEG,n03179701
val_333.JPEG,n02977058
val_334.JPEG,n02977058
val_335.JPEG,n02802426
val_336.JPEG,n02233338
val_337.JPEG,n07873807
val_338.JPEG,n02977058
val_339.JPEG,n02058221
val_340.JPEG,n04562935
val_341.JPEG,n03179701
val_342.JPEG,n03980874
val_343.JPEG,n02233338
val_344.JPEG,n02123394
val_345.JPEG,n02977058
val_346.JPEG,n02963159
val_347.JPEG,n02504458
val_348.JPEG,n01770393
val_349.JPEG,n02058221
val_350.JPEG,n02395406
val_351.JPEG,n02480495
val_352.JPEG,n02058221
val_353.JPEG,n03179701
val_354.JPEG,n02963159
val_355.JPEG,n03179701
val_356.JPEG,n02395406
val_357.JPEG,n02486410
val_358.JPEG,n03763968
val_359.JPEG,n01770393
val_360.JPEG,n02977058
val_361.JPEG,n02802426
val_362.JPEG,n02977058
val_363.JPEG,n03637318
val_364.JPEG,n01770393
val_365.JPEG,n02963159
val_366.JPEG,n01443537
val_367.JPEG,n02802426
val_368.JPEG,n03179701
val_369.JPEG,n02977058
val_370.JPEG,n01443537
val_371.JPEG,n02963159
val_372.JPEG,n02977058
val_373.JPEG,n01443537
val_374.JPEG,n02480495
val_375.JPEG,n02977058
val_376.JPEG,n02963159
val_377.JPEG,n04311004
val_378.JPEG,n02977058
val_379.JPEG,n04562935
val_380.JPEG,n02963159
val_381.JPEG,n01443537
val_382.JPEG,n02802426
val_383.JPEG,n02233338
val_384.JPEG,n01443537
val_385.JPEG,n02480495
val_386.JPEG,n02977058
val_387.JPEG,n02233338
val_388.JPEG,n03179701
val_389.JPEG,n03637318
val_390.JPEG,n02977058
val_391.JPEG,n03980874
val_392.JPEG,n02058221
val_393.JPEG,n02233338
val_394.JPEG,n02504458
val_395.JPEG,n02802426
val_396.JPEG,n04562935
val_397.JPEG,n02395406
val_398.JPEG,n04311004
val_399.JPEG,n02486410
val_400.JPEG,n02802426
val_401.JPEG,n02977058
val_402.JPEG,n02123394
val_403.JPEG,n03179701
val_404.JPEG,n03637318
val_405.JPEG,n02480495
val_406.JPEG,n02123394
val_407.JPEG,n02395406
val_408.JPEG,n02395406
val_409.JPEG,n02963159
val_410.JPEG,n04311004
val_411.JPEG,n02977058
val_412.JPEG,n02977058
val_413.JPEG,n03179701
val_414.JPEG,n02058221
val_415.JPEG,n01443537
val_416.JPEG,n02977058
val_417.JPEG,n02395406
val_418.JPEG,n02977058
val_419.JPEG,n04311004
val_420.JPEG,n02977058
val_421.JPEG,n02123394
val_422.JPEG,n03763968
val_423.JPEG,n03980874
val_424.JPEG,n02504458
val_425.JPEG,n04311004
val_426.JPEG,n02486410
val_427.JPEG,n02123394
val_428.JPEG,n02480495
val_429.JPEG,n02480495
val_430.JPEG,n01770393
val_431.JPEG,n02395406
val_432.JPEG,n03179701
val_433.JPEG,n03763968
val_434.JPEG,n02486410
val_435.JPEG,n01443537
val_436.JPEG,n02802426
val_437.JPEG,n02395406
val_438.JPEG,n02486410
val_439.JPEG,n02480495
val_440.JPEG,n03179701
val_441.JPEG,n02123394
val_442.JPEG,n01770393
val_443.JPEG,n02504458
val_444.JPEG,n02233338
val_445.JPEG,n03637318
val_446.JPEG,n03763968
val_447.JPEG,n03763968
val_448.JPEG,n03763968
val_449.JPEG,n02058221
val_450.JPEG,n03179701
val_451.JPEG,n04311004
val_452.JPEG,n02977058
val_453.JPEG,n04311004
val_454.JPEG,n01770393
val_455.JPEG,n02977058
val_456.JPEG,n02123394
val_457.JPEG,n01774384
val_458.JPEG,n02395406
val_459.JPEG,n07873807
val_460.JPEG,n02058221
val_461.JPEG,n02233338
val_462.JPEG,n02058221
val_463.JPEG,n02802426
val_464.JPEG,n04311004
val_465.JPEG,n04311004
val_466.JPEG,n07873807
val_467.JPEG,n02977058
val_468.JPEG,n04311004
val_469.JPEG,n01770393
val_470.JPEG,n07873807
val_471.JPEG,n02977058
val_472.JPEG,n02802426
val_473.JPEG,n02123394
val_474.JPEG,n02977058
val_475.JPEG,n02802426
val_476.JPEG,n04311004
val_477.JPEG,n02233338
val_478.JPEG,n03179701
val_479.JPEG,n01443537
val_480.JPEG,n02963159
val_481.JPEG,n04311004
val_482.JPEG,n02233338
val_483.JPEG,n02395406
val_484.JPEG,n02395406
val_485.JPEG,n04562935
val_486.JPEG,n04311004
val_487.JPEG,n02058221
val_488.JPEG,n02233338
val_489.JPEG,n02977058
val_490.JPEG,n01770393
val_491.JPEG,n07873807
val_492.JPEG,n03179701
val_493.JPEG,n02802426
val_494.JPEG,n02963159
val_495.JPEG,n01770393
val_496.JPEG,n02504458
val_497.JPEG,n04311004
val_498.JPEG,n02977058
val_499.JPEG,n02977058
val_500.JPEG,n04311004
val_501.JPEG,n02504458
val_502.JPEG,n02486410
val_503.JPEG,n02233338
val_504.JPEG,n02480495
val_505.JPEG,n01774384
val_506.JPEG,n02977058
val_507.JPEG,n02486410
val_508.JPEG,n02123394
val_509.JPEG,n02233338
val_510.JPEG,n03637318
val_511.JPEG,n02504458
val_512.JPEG,n04562935
val_513.JPEG,n02504458
val_514.JPEG,n02233338
val_515.JPEG,n02963159
val_516.JPEG,n02233338
val_517.JPEG,n02504458
val_518.JPEG,n04562935
val_519.JPEG,n03763968
val_520.JPEG,n02802426
val_521.JPEG,n02395406
val_522.JPEG,n02486410
val_523.JPEG,n02963159
val_524.JPEG,n02480495
val_525.JPEG,n02963159
val_526.JPEG,n03637318
val_527.JPEG,n02395406
val_528.JPEG,n03637318
val_529.JPEG,n02233338
val_530.JPEG,n02977058
val_531.JPEG,n03179701
val_532.JPEG,n02977058
val_533.JPEG,n02233338
val_534.JPEG,n07873807
val_535.JPEG,n02977058
val_536.JPEG,n02963159
val_537.JPEG,n02802426
val_538.JPEG,n02977058
val_539.JPEG,n02963159
val_540.JPEG,n02963159
val_541.JPEG,n02486410
val_542.JPEG,n01443537
val_543.JPEG,n02486410
val_544.JPEG,n02802426
val_545.JPEG,n03179701
val_546.JPEG,n02963159
val_547.JPEG,n02233338
val_548.JPEG,n02395406
val_549.JPEG,n03763968
val_550.JPEG,n02802426
val_551.JPEG,n02802426
val_552.JPEG,n02486410
val_553.JPEG,n02486410
val_554.JPEG,n02123394
val_555.JPEG,n03179701
val_556.JPEG,n04311004
val_557.JPEG,n01770393
val_558.JPEG,n07873807
val_559.JPEG,n03179701
val_560.JPEG,n02395406
val_561.JPEG,n02480495
val_562.JPEG,n03637318
val_563.JPEG,n02486410
val_564.JPEG,n04562935
val_565.JPEG,n02963159
val_566.JPEG,n03763968
val_567.JPEG,n03763968
val_568.JPEG,n07873807
val_569.JPEG,n02395406
val_570.JPEG,n02977058
val_571.JPEG,n03637318
val_572.JPEG,n02977058
val_573.JPEG,n03763968
val_574.JPEG,n03637318
val_575.JPEG,n02123394
val_576.JPEG,n02233338
val_577.JPEG,n02977058
val_578.JPEG,n02802426
val_579.JPEG,n02480495
val_580.JPEG,n02233338
val_581.JPEG,n03637318
val_582.JPEG,n02802426
val_583.JPEG,n02963159
val_584.JPEG,n02233338
val_585.JPEG,n03637318
val_586.JPEG,n02977058
val_587.JPEG,n02123394
val_588.JPEG,n02233338
val_589.JPEG,n03980874
val_590.JPEG,n02480495
val_591.JPEG,n02395406
val_592.JPEG,n02486410
val_593.JPEG,n04311004
val_594.JPEG,n02802426
val_595.JPEG,n01770393
val_596.JPEG,n02480495
val_597.JPEG,n03637318
val_598.JPEG,n02977058
val_599.JPEG,n03179701
val_600.JPEG,n03637318
val_601.JPEG,n02977058
val_602.JPEG,n02233338
val_603.JPEG,n02058221
val_604.JPEG,n03179701
val_605.JPEG,n02395406
val_606.JPEG,n03179701
val_607.JPEG,n02058221
val_608.JPEG,n07873807
val_609.JPEG,n02395406
val_610.JPEG,n03179701
val_611.JPEG,n01443537
val_612.JPEG,n02480495
val_613.JPEG,n02963159
val_614.JPEG,n02486410
val_615.JPEG,n03637318
val_616.JPEG,n02123394
val_617.JPEG,n04311004
val_618.JPEG,n03637318
val_619.JPEG,n03179701
val_620.JPEG,n03637318
val_621.JPEG,n02123394
val_622.JPEG,n03179701
val_623.JPEG,n01443537
val_624.JPEG,n03637318
val_625.JPEG,n02058221
val_626.JPEG,n02395406
val_627.JPEG,n01770393
val_628.JPEG,n01770393
val_629.JPEG,n02802426
val_630.JPEG,n02977058
val_631.JPEG,n02977058
val_632.JPEG,n04562935
val_633.JPEG,n02977058
val_634.JPEG,n01770393
val_635.JPEG,n02395406
val_636.JPEG,n07873807
val_637.JPEG,n02480495
val_638.JPEG,n02233338
val_639.JPEG,n02977058
val_640.JPEG,n02977058
val_641.JPEG,n04311004
val_642.JPEG,n02123394
val_643.JPEG,n02123394
val_644.JPEG,n03763968
val_645.JPEG,n02395406
val_646.JPEG,n02977058
val_647.JPEG,n02977058
val_648.JPEG,n03179701
val_649.JPEG,n02802426
val_650.JPEG,n01774384
val_651.JPEG,n01443537
val_652.JPEG,n02977058
val_653.JPEG,n01443537
val_654.JPEG,n02486410
val_655.JPEG,n02480495
val_656.JPEG,n02977058
val_657.JPEG,n02233338
val_658.JPEG,n02963159
val_659.JPEG,n02233338
val_660.JPEG,n02963159
val_661.JPEG,n04562935
val_662.JPEG,n01443537
val_663.JPEG,n01770393
val_664.JPEG,n02977058
val_665.JPEG,n02504458
val_666.JPEG,n03179701
val_667.JPEG,n02977058
val_668.JPEG,n03980874
val_669.JPEG,n02504458
val_670.JPEG,n02802426
val_671.JPEG,n02963159
val_672.JPEG,n02058221
val_673.JPEG,n03637318
val_674.JPEG,n01774384
val_675.JPEG,n03179701
val_676.JPEG,n01770393
val_677.JPEG,n01443537
val_678.JPEG,n02963159
val_679.JPEG,n03763968
val_680.JPEG,n02977058
val_681.JPEG,n02233338
val_682.JPEG,n04562935
val_683.JPEG,n03763968
val_684.JPEG,n01443537
val_685.JPEG,n01770393
val_686.JPEG,n01774384
val_687.JPEG,n02058221
val_688.JPEG,n02977058
val_689.JPEG,n01443537
val_690.JPEG,n02233338
val_691.JPEG,n02977058
val_692.JPEG,n03763968
val_693.JPEG,n02233338
val_694.JPEG,n02123394
val_695.JPEG,n02123394
val_696.JPEG,n03179701
val_697.JPEG,n03179701
val_698.JPEG,n02395406
val_699.JPEG,n02802426
val_700.JPEG,n03763968
val_701.JPEG,n02058221
val_702.JPEG,n02480495
val_703.JPEG,n03980874
val_704.JPEG,n03637318
val_705.JPEG,n02058221
val_706.JPEG,n03179701
val_707.JPEG,n03980874
val_708.JPEG,n03763968
val_709.JPEG,n02486410
val_710.JPEG,n02395406
val_711.JPEG,n02802426
val_712.JPEG,n03179701
val_713.JPEG,n02977058
val_714.JPEG,n07873807
val_715.JPEG,n03179701
val_716.JPEG,n02123394
val_717.JPEG,n02233338
val_718.JPEG,n03980874
val_719.JPEG,n01443537
val_720.JPEG,n03763968
val_721.JPEG,n02233338
val_722.JPEG,n02977058
val_723.JPEG,n02123394
val_724.JPEG,n02233338
val_725.JPEG,n02977058
val_726.JPEG,n02802426
val_727.JPEG,n01770393
val_728.JPEG,n02977058
val_729.JPEG,n02486410
val_730.JPEG,n02486410
val_731.JPEG,n03763968
val_732.JPEG,n02504458
val_733.JPEG,n02486410
val_734.JPEG,n02977058
val_735.JPEG,n02395406
val_736.JPEG,n03980874
val_737.JPEG,n02977058
val_738.JPEG,n01443537
val_739.JPEG,n04562935
val_740.JPEG,n03763968
val_741.JPEG,n02977058
val_742.JPEG,n03763968
val_743.JPEG,n02123394
val_744.JPEG,n02504458
val_745.JPEG,n01443537
val_746.JPEG,n02977058
val_747.JPEG,n02233338
val_748.JPEG,n02395406
val_749.JPEG,n02233338
val_750.JPEG,n02802426
val_751.JPEG,n02233338
val_752.JPEG,n02504458
val_753.JPEG,n02395406
val_754.JPEG,n04311004
val_755.JPEG,n02977058
val_756.JPEG,n02233338
val_757.JPEG,n02058221
val_758.JPEG,n03179701
val_759.JPEG,n02977058
val_760.JPEG,n02233338
val_761.JPEG,n02486410
val_762.JPEG,n03179701
val_763.JPEG,n02058221
val_764.JPEG,n02977058
val_765.JPEG,n04311004
val_766.JPEG,n02395406
val_767.JPEG,n03763968
val_768.JPEG,n02977058
val_769.JPEG,n03980874
val_770.JPEG,n07873807
val_771.JPEG,n02233338
val_772.JPEG,n02395406
val_773.JPEG,n07873807
val_774.JPEG,n01443537
val_775.JPEG,n01770393
val_776.JPEG,n04311004
val_777.JPEG,n02480495
val_778.JPEG,n04562935
val_779.JPEG,n03179701
val_780.JPEG,n04311004
val_781.JPEG,n02233338
val_782.JPEG,n03179701
val_783.JPEG,n02963159
val_784.JPEG,n03980874
val_785.JPEG,n02963159
val_786.JPEG,n02977058
val_787.JPEG,n04311004
val_788.JPEG,n02977058
val_789.JPEG,n02395406
val_790.JPEG,n02802426
val_791.JPEG,n02123394
val_792.JPEG,n02977058
val_793.JPEG,n02480495
val_794.JPEG,n01443537
val_795.JPEG,n02486410
val_796.JPEG,n02395406
val_797.JPEG,n01770393
val_798.JPEG,n03637318
val_799.JPEG,n03763968
val_800.JPEG,n02480495
val_801.JPEG,n03980874
val_802.JPEG,n07873807
val_803.JPEG,n02486410
val_804.JPEG,n02395406
val_805.JPEG,n02963159
val_806.JPEG,n02977058
val_807.JPEG,n02480495
val_808.JPEG,n02486410
val_809.JPEG,n01770393
val_810.JPEG,n02395406
val_811.JPEG,n02504458
val_812.JPEG,n02123394
val_813.JPEG,n02802426
val_814.JPEG,n02123394
val_815.JPEG,n02963159
val_816.JPEG,n02123394
val_817.JPEG,n02977058
val_818.JPEG,n03179701
val_819.JPEG,n02977058
val_820.JPEG,n01774384
val_821.JPEG,n02233338
val_822.JPEG,n02233338
val_823.JPEG,n02123394
val_824.JPEG,n03637318
val_825.JPEG,n03763968
val_826.JPEG,n02123394
val_827.JPEG,n02977058
val_828.JPEG,n02504458
val_829.JPEG,n02977058
val_830.JPEG,n03179701
val_831.JPEG,n02233338
val_832.JPEG,n02977058
val_833.JPEG,n03637318
val_834.JPEG,n02058221
val_835.JPEG,n02977058
val_836.JPEG,n04311004
val_837.JPEG,n07873807
val_838.JPEG,n01443537
val_839.JPEG,n02233338
val_840.JPEG,n03763968
val_841.JPEG,n01770393
val_842.JPEG,n03637318
val_843.JPEG,n01443537
val_844.JPEG,n02480495
val_845.JPEG,n02233338
val_846.JPEG,n02395406
val_847.JPEG,n03980874
val_848.JPEG,n02233338
val_849.JPEG,n03637318
val_850.JPEG,n04311004
val_851.JPEG,n02486410
val_852.JPEG,n02977058
val_853.JPEG,n01443537
val_854.JPEG,n01770393
val_855.JPEG,n02504458
val_856.JPEG,n02233338
val_857.JPEG,n02977058
val_858.JPEG,n02977058
val_859.JPEG,n02977058
val_860.JPEG,n02486410
val_861.JPEG,n02963159
val_862.JPEG,n03980874
val_863.JPEG,n02480495
val_864.JPEG,n02480495
val_865.JPEG,n01443537
val_866.JPEG,n01770393
val_867.JPEG,n02233338
val_868.JPEG,n02058221
val_869.JPEG,n01770393
val_870.JPEG,n03763968
val_871.JPEG,n03637318
val_872.JPEG,n02486410
val_873.JPEG,n02233338
val_874.JPEG,n01770393
val_875.JPEG,n03179701
val_876.JPEG,n02123394
val_877.JPEG,n01443537
val_878.JPEG,n02963159
val_879.JPEG,n02480495
val_880.JPEG,n02963159
val_881.JPEG,n04311004
val_882.JPEG,n01770393
val_883.JPEG,n02486410
val_884.JPEG,n02977058
val_885.JPEG,n02395406
val_886.JPEG,n01443537
val_887.JPEG,n04562935
val_888.JPEG,n03980874
val_889.JPEG,n07873807
val_890.JPEG,n04562935
val_891.JPEG,n02802426
val_892.JPEG,n02058221
val_893.JPEG,n02802426
val_894.JPEG,n03763968
val_895.JPEG,n01770393
val_896.JPEG,n01770393
val_897.JPEG,n02480495
val_898.JPEG,n03980874
val_899.JPEG,n01443537
val_900.JPEG,n02963159
val_901.JPEG,n04562935
val_902.JPEG,n02233338
val_903.JPEG,n02233338
val_904.JPEG,n02486410
val_905.JPEG,n07873807
val_906.JPEG,n07873807
val_907.JPEG,n02233338
val_908.JPEG,n02480495
val_909.JPEG,n02977058
val_910.JPEG,n02123394
val_911.JPEG,n02395406
val_912.JPEG,n02233338
val_913.JPEG,n02480495
val_914.JPEG,n03179701
val_915.JPEG,n07873807
val_916.JPEG,n03637318
val_917.JPEG,n02977058
val_918.JPEG,n04311004
val_919.JPEG,n02233338
val_920.JPEG,n02504458
val_921.JPEG,n03637318
val_922.JPEG,n02480495
val_923.JPEG,n01443537
val_924.JPEG,n01443537
val_925.JPEG,n02504458
val_926.JPEG,n01770393
val_927.JPEG,n07873807
val_928.JPEG,n03637318
val_929.JPEG,n02233338
val_930.JPEG,n04311004
val_931.JPEG,n02480495
val_932.JPEG,n01770393
val_933.JPEG,n01774384
val_934.JPEG,n02123394
val_935.JPEG,n03763968
val_936.JPEG,n04562935
val_937.JPEG,n01443537
val_938.JPEG,n02504458
val_939.JPEG,n02395406
val_940.JPEG,n02058221
val_941.JPEG,n01443537
val_942.JPEG,n02963159
val_943.JPEG,n02123394
val_944.JPEG,n01770393
val_945.JPEG,n02395406
val_946.JPEG,n02395406
val_947.JPEG,n02058221
val_948.JPEG,n01770393
val_949.JPEG,n02504458
val_950.JPEG,n01770393
val_951.JPEG,n02977058
val_952.JPEG,n02480495
val_953.JPEG,n02123394
val_954.JPEG,n02395406
val_955.JPEG,n02977058
val_956.JPEG,n04311004
val_957.JPEG,n03179701
val_958.JPEG,n02123394
val_959.JPEG,n01443537
val_960.JPEG,n02123394
val_961.JPEG,n04562935
val_962.JPEG,n02058221
val_963.JPEG,n02977058
val_964.JPEG,n03179701
val_965.JPEG,n03637318
val_966.JPEG,n02233338
val_967.JPEG,n02486410
val_968.JPEG,n02233338
val_969.JPEG,n02480495
val_970.JPEG,n02802426
val_971.JPEG,n02233338
val_972.JPEG,n04562935
val_973.JPEG,n03637318
val_974.JPEG,n03179701
val_975.JPEG,n02123394
val_976.JPEG,n07873807
val_977.JPEG,n02486410
val_978.JPEG,n01770393
val_979.JPEG,n02233338
val_980.JPEG,n02058221
val_981.JPEG,n02802426
val_982.JPEG,n04311004
val_983.JPEG,n03179701
val_984.JPEG,n02058221
val_985.JPEG,n02233338
val_986.JPEG,n02504458
val_987.JPEG,n03980874
val_988.JPEG,n02395406
val_989.JPEG,n03763968
val_990.JPEG,n03637318
val_991.JPEG,n07873807
val_992.JPEG,n02058221
val_993.JPEG,n02963159
val_994.JPEG,n01770393
val_995.JPEG,n04311004
val_996.JPEG,n02504458
val_997.JPEG,n02486410
val_998.JPEG,n02395406
val_999.JPEG,n02480495
val_1000.JPEG,n01443537
val_1001.JPEG,n02058221
val_1002.JPEG,n02123394
val_1003.JPEG,n02486410
val_1004.JPEG,n01443537
val_1005.JPEG,n03637318
val_1006.JPEG,n04562935
val_1007.JPEG,n02802426
val_1008.JPEG,n03763968
val_1009.JPEG,n02486410
val_1010.JPEG,n02480495
val_1011.JPEG,n02058221
val_1012.JPEG,n03637318
val_1013.JPEG,n02123394
val_1014.JPEG,n01770393
val_1015.JPEG,n01443537
val_1016.JPEG,n04311004
val_1017.JPEG,n02977058
val_1018.JPEG,n04311004
val_1019.JPEG,n04311004
val_1020.JPEG,n04311004
val_1021.JPEG,n02480495
val_1022.JPEG,n02123394
val_1023.JPEG,n02395406
val_1024.JPEG,n01770393
val_1025.JPEG,n01774384
val_1026.JPEG,n01443537
val_1027.JPEG,n02480495
val_1028.JPEG,n03637318
val_1029.JPEG,n02802426
val_1030.JPEG,n02233338
val_1031.JPEG,n02486410
val_1032.JPEG,n02123394
val_1033.JPEG,n03637318
val_1034.JPEG,n02233338
val_1035.JPEG,n02977058
val_1036.JPEG,n02802426
val_1037.JPEG,n01443537
val_1038.JPEG,n07873807
val_1039.JPEG,n04311004
val_1040.JPEG,n02123394
val_1041.JPEG,n02123394
val_1042.JPEG,n02233338
val_1043.JPEG,n03763968
val_1044.JPEG,n02058221
val_1045.JPEG,n02233338
val_1046.JPEG,n02963159
val_1047.JPEG,n02977058
val_1048.JPEG,n02977058
val_1049.JPEG,n01770393
val_1050.JPEG,n07873807
val_1051.JPEG,n02977058
val_1052.JPEG,n02486410
val_1053.JPEG,n01770393
val_1054.JPEG,n01770393
val_1055.JPEG,n03637318
val_1056.JPEG,n01770393
val_1057.JPEG,n03179701
val_1058.JPEG,n01770393
val_1059.JPEG,n02233338
val_1060.JPEG,n03980874
val_1061.JPEG,n03637318
val_1062.JPEG,n04311004
val_1063.JPEG,n02395406
val_1064.JPEG,n01770393
val_1065.JPEG,n02395406
val_1066.JPEG,n03179701
val_1067.JPEG,n01443537
val_1068.JPEG,n01770393
val_1069.JPEG,n02395406
val_1070.JPEG,n02504458
val_1071.JPEG,n03980874
val_1072.JPEG,n02504458
val_1073.JPEG,n01770393
val_1074.JPEG,n02802426
val_1075.JPEG,n04311004
val_1076.JPEG,n02480495
val_1077.JPEG,n02802426
val_1078.JPEG,n02233338
val_1079.JPEG,n02486410
val_1080.JPEG,n03179701
val_1081.JPEG,n03980874
val_1082.JPEG,n02058221
val_1083.JPEG,n02480495
val_1084.JPEG,n02233338
val_1085.JPEG,n02395406
val_1086.JPEG,n02486410
val_1087.JPEG,n01443537
val_1088.JPEG,n02480495
val_1089.JPEG,n01443537
val_1090.JPEG,n02058221
val_1091.JPEG,n01770393
val_1092.JPEG,n03637318
val_1093.JPEG,n02486410
val_1094.JPEG,n02233338
val_1095.JPEG,n03179701
val_1096.JPEG,n02963159
val_1097.JPEG,n07873807
val_1098.JPEG,n03179701
val_1099.JPEG,n03179701
val_1100.JPEG,n02486410
val_1101.JPEG,n02977058
val_1102.JPEG,n03179701
val_1103.JPEG,n04562935
val_1104.JPEG,n01443537
val_1105.JPEG,n02802426
val_1106.JPEG,n04562935
val_1107.JPEG,n03179701
val_1108.JPEG,n02504458
val_1109.JPEG,n01770393
val_1110.JPEG,n03763968
val_1111.JPEG,n03179701
val_1112.JPEG,n03179701
val_1113.JPEG,n02233338
val_1114.JPEG,n03763968
val_1115.JPEG,n04311004
val_1116.JPEG,n02486410
val_1117.JPEG,n02395406
val_1118.JPEG,n03763968
val_1119.JPEG,n02977058
val_1120.JPEG,n02058221
val_1121.JPEG,n02058221
val_1122.JPEG,n01770393
val_1123.JPEG,n02395406
val_1124.JPEG,n01774384
val_1125.JPEG,n01770393
val_1126.JPEG,n02486410
val_1127.JPEG,n02486410
val_1128.JPEG,n03179701
val_1129.JPEG,n02802426
val_1130.JPEG,n03179701
val_1131.JPEG,n02058221
val_1132.JPEG,n02963159
val_1133.JPEG,n02977058
val_1134.JPEG,n02233338
val_1135.JPEG,n03980874
val_1136.JPEG,n01443537
val_1137.JPEG,n02395406
val_1138.JPEG,n03637318
val_1139.JPEG,n01774384
val_1140.JPEG,n02395406
val_1141.JPEG,n01770393
val_1142.JPEG,n02123394
val_1143.JPEG,n01770393
val_1144.JPEG,n01770393
val_1145.JPEG,n03763968
val_1146.JPEG,n03763968
val_1147.JPEG,n07873807
val_1148.JPEG,n02963159
val_1149.JPEG,n03763968
val_1150.JPEG,n01770393
val_1151.JPEG,n03179701
val_1152.JPEG,n02802426
val_1153.JPEG,n02963159
val_1154.JPEG,n02486410
val_1155.JPEG,n07873807
val_1156.JPEG,n02233338
val_1157.JPEG,n02977058
val_1158.JPEG,n02123394
val_1159.JPEG,n03179701
val_1160.JPEG,n04311004
val_1161.JPEG,n02395406
val_1162.JPEG,n02977058
val_1163.JPEG,n03980874
val_1164.JPEG,n01443537
val_1165.JPEG,n03179701
val_1166.JPEG,n02123394
val_1167.JPEG,n07873807
val_1168.JPEG,n03763968
val_1169.JPEG,n02963159
val_1170.JPEG,n03179701
val_1171.JPEG,n02395406
val_1172.JPEG,n02977058
val_1173.JPEG,n02395406
val_1174.JPEG,n03179701
val_1175.JPEG,n04311004
val_1176.JPEG,n02395406
val_1177.JPEG,n02123394
val_1178.JPEG,n02963159
val_1179.JPEG,n04562935
val_1180.JPEG,n02123394
val_1181.JPEG,n01443537
val_1182.JPEG,n03179701
val_1183.JPEG,n02395406
val_1184.JPEG,n01774384
val_1185.JPEG,n03179701
val_1186.JPEG,n01443537
val_1187.JPEG,n02486410
val_1188.JPEG,n02233338
val_1189.JPEG,n03637318
val_1190.JPEG,n02480495
val_1191.JPEG,n01443537
val_1192.JPEG,n02977058
val_1193.JPEG,n01770393
val_1194.JPEG,n02486410
val_1195.JPEG,n03763968
val_1196.JPEG,n02480495
val_1197.JPEG,n02963159
val_1198.JPEG,n01770393
val_1199.JPEG,n03763968
val_1200.JPEG,n04311004
val_1201.JPEG,n01770393
val_1202.JPEG,n02977058
val_1203.JPEG,n03179701
val_1204.JPEG,n02486410
val_1205.JPEG,n04311004
val_1206.JPEG,n01770393
val_1207.JPEG,n02977058
val_1208.JPEG,n03763968
val_1209.JPEG,n02058221
val_1210.JPEG,n03763968
val_1211.JPEG,n02395406
val_1212.JPEG,n03179701
val_1213.JPEG,n02977058
val_1214.JPEG,n04311004
val_1215.JPEG,n02123394
val_1216.JPEG,n01443537
val_1217.JPEG,n02486410
val_1218.JPEG,n02395406
val_1219.JPEG,n02963159
val_1220.JPEG,n02123394
val_1221.JPEG,n04311004
val_1222.JPEG,n02123394
val_1223.JPEG,n02123394
val_1224.JPEG,n01770393
val_1225.JPEG,n01443537
val_1226.JPEG,n02977058
val_1227.JPEG,n02977058
val_1228.JPEG,n02058221
val_1229.JPEG,n02233338
val_1230.JPEG,n01443537
val_1231.JPEG,n03637318
val_1232.JPEG,n07873807
val_1233.JPEG,n02395406
val_1234.JPEG,n02977058
val_1235.JPEG,n01443537
val_1236.JPEG,n07873807
val_1237.JPEG,n02395406
val_1238.JPEG,n01443537
val_1239.JPEG,n03179701
val_1240.JPEG,n02480495
val_1241.JPEG,n02504458
val_1242.JPEG,n02480495
val_1243.JPEG,n01443537
val_1244.JPEG,n04562935
val_1245.JPEG,n02233338
val_1246.JPEG,n02395406
val_1247.JPEG,n02977058
val_1248.JPEG,n03763968
val_1249.JPEG,n01443537
val_1250.JPEG,n01443537
val_1251.JPEG,n02486410
val_1252.JPEG,n04311004
val_1253.JPEG,n01770393
val_1254.JPEG,n04311004
val_1255.JPEG,n02977058
val_1256.JPEG,n02233338
val_1257.JPEG,n04311004
val_1258.JPEG,n02486410
val_1259.JPEG,n01770393
val_1260.JPEG,n02480495
val_1261.JPEG,n03179701
val_1262.JPEG,n03179701
val_1263.JPEG,n02802426
val_1264.JPEG,n02123394
val_1265.JPEG,n03179701
val_1266.JPEG,n04311004
val_1267.JPEG,n01443537
val_1268.JPEG,n02977058
val_1269.JPEG,n03179701
val_1270.JPEG,n04311004
val_1271.JPEG,n03179701
val_1272.JPEG,n03179701
val_1273.JPEG,n02963159
val_1274.JPEG,n02802426
val_1275.JPEG,n03179701
val_1276.JPEG,n04562935
val_1277.JPEG,n04562935
val_1278.JPEG,n07873807
val_1279.JPEG,n02963159
val_1280.JPEG,n01443537
val_1281.JPEG,n02123394
val_1282.JPEG,n03637318
val_1283.JPEG,n04562935
val_1284.JPEG,n01443537
val_1285.JPEG,n02977058
val_1286.JPEG,n01770393
val_1287.JPEG,n03179701
val_1288.JPEG,n02123394
val_1289.JPEG,n03179701
val_1290.JPEG,n03980874
val_1291.JPEG,n03763968
val_1292.JPEG,n02233338
val_1293.JPEG,n01770393
val_1294.JPEG,n03179701
val_1295.JPEG,n04562935
val_1296.JPEG,n02395406
val_1297.JPEG,n04562935
val_1298.JPEG,n02802426
val_1299.JPEG,n02233338
val_1300.JPEG,n02123394
val_1301.JPEG,n02395406
val_1302.JPEG,n03179701
val_1303.JPEG,n02977058
val_1304.JPEG,n02977058
val_1305.JPEG,n02802426
val_1306.JPEG,n02233338
val_1307.JPEG,n01770393
val_1308.JPEG,n03980874
val_1309.JPEG,n02802426
val_1310.JPEG,n02480495
val_1311.JPEG,n02395406
val_1312.JPEG,n01443537
val_1313.JPEG,n01770393
val_1314.JPEG,n02123394
val_1315.JPEG,n01443537
val_1316.JPEG,n04311004
val_1317.JPEG,n02802426
val_1318.JPEG,n04311004
val_1319.JPEG,n02486410
val_1320.JPEG,n02977058
val_1321.JPEG,n01770393
val_1322.JPEG,n02504458
val_1323.JPEG,n01770393
val_1324.JPEG,n02504458
val_1325.JPEG,n04562935
val_1326.JPEG,n01770393
val_1327.JPEG,n02123394
val_1328.JPEG,n02395406
val_1329.JPEG,n02395406
val_1330.JPEG,n04311004
val_1331.JPEG,n03763968
val_1332.JPEG,n03763968
val_1333.JPEG,n04562935
val_1334.JPEG,n02963159
val_1335.JPEG,n02233338
val_1336.JPEG,n04311004
val_1337.JPEG,n02963159
val_1338.JPEG,n02123394
val_1339.JPEG,n04562935
val_1340.JPEG,n02963159
val_1341.JPEG,n04311004
val_1342.JPEG,n02233338
val_1343.JPEG,n02977058
val_1344.JPEG,n04311004
val_1345.JPEG,n07873807
val_1346.JPEG,n01770393
val_1347.JPEG,n02123394
val_1348.JPEG,n02123394
val_1349.JPEG,n02480495
val_1350.JPEG,n02480495
val_1351.JPEG,n02486410
val_1352.JPEG,n02480495
val_1353.JPEG,n02233338
val_1354.JPEG,n03637318
val_1355.JPEG,n01770393
val_1356.JPEG,n02395406
val_1357.JPEG,n02123394
val_1358.JPEG,n02395406
val_1359.JPEG,n02802426
val_1360.JPEG,n01770393
val_1361.JPEG,n03179701
val_1362.JPEG,n03179701
val_1363.JPEG,n02504458
val_1364.JPEG,n04311004
val_1365.JPEG,n02977058
val_1366.JPEG,n02802426
val_1367.JPEG,n04311004
val_1368.JPEG,n02486410
val_1369.JPEG,n01770393
val_1370.JPEG,n03763968
val_1371.JPEG,n02802426
val_1372.JPEG,n02233338
val_1373.JPEG,n02802426
val_1374.JPEG,n02480495
val_1375.JPEG,n02802426
val_1376.JPEG,n01770393
val_1377.JPEG,n02395406
val_1378.JPEG,n02963159
val_1379.JPEG,n03637318
val_1380.JPEG,n01774384
val_1381.JPEG,n03980874
val_1382.JPEG,n01770393
val_1383.JPEG,n02977058
val_1384.JPEG,n03763968
val_1385.JPEG,n02233338
val_1386.JPEG,n07873807
val_1387.JPEG,n02504458
val_1388.JPEG,n02977058
val_1389.JPEG,n02963159
val_1390.JPEG,n04562935
val_1391.JPEG,n02233338
val_1392.JPEG,n02480495
val_1393.JPEG,n04311004
val_1394.JPEG,n03637318
val_1395.JPEG,n02486410
val_1396.JPEG,n02480495
val_1397.JPEG,n02977058
val_1398.JPEG,n02058221
val_1399.JPEG,n01770393
val_1400.JPEG,n03637318
val_1401.JPEG,n01443537
val_1402.JPEG,n01443537
val_1403.JPEG,n02233338
val_1404.JPEG,n03179701
val_1405.JPEG,n02395406
val_1406.JPEG,n02977058
val_1407.JPEG,n02977058
val_1408.JPEG,n02123394
val_1409.JPEG,n02480495
val_1410.JPEG,n01443537
val_1411.JPEG,n02486410
val_1412.JPEG,n02480495
val_1413.JPEG,n02123394
val_1414.JPEG,n03980874
val_1415.JPEG,n03637318
val_1416.JPEG,n02233338
val_1417.JPEG,n02486410
val_1418.JPEG,n02123394
val_1419.JPEG,n02233338
val_1420.JPEG,n03179701
val_1421.JPEG,n02486410
val_1422.JPEG,n02977058
val_1423.JPEG,n02504458
val_1424.JPEG,n03179701
val_1425.JPEG,n02480495
val_1426.JPEG,n02123394
val_1427.JPEG,n01770393
val_1428.JPEG,n02233338
val_1429.JPEG,n02486410
val_1430.JPEG,n02486410
val_1431.JPEG,n03637318
val_1432.JPEG,n02480495
val_1433.JPEG,n04311004
val_1434.JPEG,n03637318
val_1435.JPEG,n03179701
val_1436.JPEG,n03637318
val_1437.JPEG,n02963159
val_1438.JPEG,n04562935
val_1439.JPEG,n02977058
val_1440.JPEG,n02977058
val_1441.JPEG,n02058221
val_1442.JPEG,n02058221
val_1443.JPEG,n02395406
val_1444.JPEG,n02977058
val_1445.JPEG,n01770393
val_1446.JPEG,n02395406
val_1447.JPEG,n03179701
val_1448.JPEG,n03179701
val_1449.JPEG,n02058221
val_1450.JPEG,n03763968
val_1451.JPEG,n01770393
val_1452.JPEG,n04311004
val_1453.JPEG,n04311004
val_1454.JPEG,n01443537
val_1455.JPEG,n02395406
val_1456.JPEG,n03179701
val_1457.JPEG,n01443537
val_1458.JPEG,n02233338
val_1459.JPEG,n02977058
val_1460.JPEG,n02395406
val_1461.JPEG,n04311004
val_1462.JPEG,n03763968
val_1463.JPEG,n01443537
val_1464.JPEG,n02233338
val_1465.JPEG,n02233338
val_1466.JPEG,n04311004
val_1467.JPEG,n02395406
val_1468.JPEG,n01443537
val_1469.JPEG,n03179701
val_1470.JPEG,n02977058
val_1471.JPEG,n02480495
val_1472.JPEG,n02802426
val_1473.JPEG,n03637318
val_1474.JPEG,n02963159
val_1475.JPEG,n02963159
val_1476.JPEG,n02977058
val_1477.JPEG,n03179701
val_1478.JPEG,n01770393
val_1479.JPEG,n02123394
val_1480.JPEG,n03637318
val_1481.JPEG,n02480495
val_1482.JPEG,n01774384
val_1483.JPEG,n02480495
val_1484.JPEG,n02977058
val_1485.JPEG,n02123394
val_1486.JPEG,n02504458
val_1487.JPEG,n02480495
val_1488.JPEG,n07873807
val_1489.JPEG,n03763968
val_1490.JPEG,n02123394
val_1491.JPEG,n02977058
val_1492.JPEG,n02977058
val_1493.JPEG,n02123394
val_1494.JPEG,n03637318
val_1495.JPEG,n02504458
val_1496.JPEG,n02977058
val_1497.JPEG,n03637318
val_1498.JPEG,n02977058
val_1499.JPEG,n02963159
val_1500.JPEG,n02480495
val_1501.JPEG,n02395406
val_1502.JPEG,n07873807
val_1503.JPEG,n04562935
val_1504.JPEG,n01443537
val_1505.JPEG,n02233338
val_1506.JPEG,n02233338
val_1507.JPEG,n03179701
val_1508.JPEG,n03179701
val_1509.JPEG,n03179701
val_1510.JPEG,n02058221
val_1511.JPEG,n03179701
val_1512.JPEG,n02480495
val_1513.JPEG,n02977058
val_1514.JPEG,n01770393
val_1515.JPEG,n02233338
val_1516.JPEG,n02963159
val_1517.JPEG,n02233338
val_1518.JPEG,n01770393
val_1519.JPEG,n02977058
val_1520.JPEG,n03637318
val_1521.JPEG,n02802426
val_1522.JPEG,n01443537
val_1523.JPEG,n02395406
val_1524.JPEG,n02504458
val_1525.JPEG,n07873807
val_1526.JPEG,n02486410
val_1527.JPEG,n02504458
val_1528.JPEG,n02395406
val_1529.JPEG,n02123394
val_1530.JPEG,n02480495
val_1531.JPEG,n02486410
val_1532.JPEG,n03179701
val_1533.JPEG,n01770393
val_1534.JPEG,n02123394
val_1535.JPEG,n01770393
val_1536.JPEG,n02802426
val_1537.JPEG,n01770393
val_1538.JPEG,n02977058
val_1539.JPEG,n04311004
val_1540.JPEG,n02802426
val_1541.JPEG,n01443537
val_1542.JPEG,n02963159
val_1543.JPEG,n02977058
val_1544.JPEG,n01774384
val_1545.JPEG,n02802426
val_1546.JPEG,n02480495
val_1547.JPEG,n01443537
val_1548.JPEG,n01770393
val_1549.JPEG,n02123394
val_1550.JPEG,n03179701
val_1551.JPEG,n01443537
val_1552.JPEG,n02480495
val_1553.JPEG,n02977058
val_1554.JPEG,n03637318
val_1555.JPEG,n02977058
val_1556.JPEG,n02058221
val_1557.JPEG,n02123394
val_1558.JPEG,n03763968
val_1559.JPEG,n02977058
val_1560.JPEG,n01770393
val_1561.JPEG,n02963159
val_1562.JPEG,n02123394
val_1563.JPEG,n02802426
val_1564.JPEG,n02058221
val_1565.JPEG,n02977058
val_1566.JPEG,n02486410
val_1567.JPEG,n03179701
val_1568.JPEG,n02963159
val_1569.JPEG,n02058221
val_1570.JPEG,n02977058
val_1571.JPEG,n01774384
val_1572.JPEG,n03980874
val_1573.JPEG,n02504458
val_1574.JPEG,n02233338
val_1575.JPEG,n02233338
val_1576.JPEG,n02233338
val_1577.JPEG,n02480495
val_1578.JPEG,n03179701
val_1579.JPEG,n03763968
val_1580.JPEG,n02123394
val_1581.JPEG,n02058221
val_1582.JPEG,n03179701
val_1583.JPEG,n02233338
val_1584.JPEG,n02977058
val_1585.JPEG,n02395406
val_1586.JPEG,n03179701
val_1587.JPEG,n02395406
val_1588.JPEG,n02123394
val_1589.JPEG,n02977058
val_1590.JPEG,n07873807
val_1591.JPEG,n02486410
val_1592.JPEG,n02977058
val_1593.JPEG,n02395406
val_1594.JPEG,n02480495
val_1595.JPEG,n02233338
val_1596.JPEG,n03179701
val_1597.JPEG,n03179701
val_1598.JPEG,n01443537
val_1599.JPEG,n04311004
val_1600.JPEG,n02504458
val_1601.JPEG,n02977058
val_1602.JPEG,n01443537
val_1603.JPEG,n02802426
val_1604.JPEG,n03637318
val_1605.JPEG,n02977058
val_1606.JPEG,n01770393
val_1607.JPEG,n03637318
val_1608.JPEG,n01443537
val_1609.JPEG,n02802426
val_1610.JPEG,n03763968
val_1611.JPEG,n01770393
val_1612.JPEG,n01770393
val_1613.JPEG,n02802426
val_1614.JPEG,n01770393
val_1615.JPEG,n03179701
val_1616.JPEG,n04311004
val_1617.JPEG,n01770393
val_1618.JPEG,n02977058
val_1619.JPEG,n02233338
val_1620.JPEG,n01770393
val_1621.JPEG,n02480495
val_1622.JPEG,n02977058
val_1623.JPEG,n02977058
val_1624.JPEG,n02233338
val_1625.JPEG,n02233338
val_1626.JPEG,n02977058
val_1627.JPEG,n01774384
val_1628.JPEG,n02977058
val_1629.JPEG,n02480495
val_1630.JPEG,n03179701
val_1631.JPEG,n03179701
val_1632.JPEG,n01774384
val_1633.JPEG,n02123394
val_1634.JPEG,n02233338
val_1635.JPEG,n03763968
val_1636.JPEG,n02802426
val_1637.JPEG,n03179701
val_1638.JPEG,n04311004
val_1639.JPEG,n02977058
val_1640.JPEG,n01443537
val_1641.JPEG,n02480495
val_1642.JPEG,n02977058
val_1643.JPEG,n02977058
val_1644.JPEG,n02963159
val_1645.JPEG,n03637318
val_1646.JPEG,n02395406
val_1647.JPEG,n02123394
val_1648.JPEG,n02395406
val_1649.JPEG,n02977058
val_1650.JPEG,n03637318
val_1651.JPEG,n02233338
val_1652.JPEG,n02123394
val_1653.JPEG,n07873807
val_1654.JPEG,n02480495
val_1655.JPEG,n07873807
val_1656.JPEG,n04311004
val_1657.JPEG,n04311004
val_1658.JPEG,n07873807
val_1659.JPEG,n01443537
val_1660.JPEG,n02480495
val_1661.JPEG,n01770393
val_1662.JPEG,n02802426
val_1663.JPEG,n03179701
val_1664.JPEG,n03179701
val_1665.JPEG,n03179701
val_1666.JPEG,n03980874
val_1667.JPEG,n02963159
val_1668.JPEG,n02802426
val_1669.JPEG,n03179701
val_1670.JPEG,n02480495
val_1671.JPEG,n02977058
val_1672.JPEG,n02123394
val_1673.JPEG,n03179701
val_1674.JPEG,n03763968
val_1675.JPEG,n02486410
val_1676.JPEG,n02963159
val_1677.JPEG,n02504458
val_1678.JPEG,n02123394
val_1679.JPEG,n03179701
val_1680.JPEG,n01770393
val_1681.JPEG,n04311004
val_1682.JPEG,n01770393
val_1683.JPEG,n01770393
val_1684.JPEG,n01774384
val_1685.JPEG,n02977058
val_1686.JPEG,n02977058
val_1687.JPEG,n02395406
val_1688.JPEG,n02233338
val_1689.JPEG,n02395406
val_1690.JPEG,n02486410
val_1691.JPEG,n02977058
val_1692.JPEG,n02802426
val_1693.JPEG,n01770393
val_1694.JPEG,n02058221
val_1695.JPEG,n02977058
val_1696.JPEG,n02486410
val_1697.JPEG,n02486410
val_1698.JPEG,n01770393
val_1699.JPEG,n04562935
val_1700.JPEG,n02977058
val_1701.JPEG,n02963159
val_1702.JPEG,n02977058
val_1703.JPEG,n02480495
val_1704.JPEG,n02395406
val_1705.JPEG,n02504458
val_1706.JPEG,n04311004
val_1707.JPEG,n02977058
val_1708.JPEG,n02233338
val_1709.JPEG,n04562935
val_1710.JPEG,n02977058
val_1711.JPEG,n02123394
val_1712.JPEG,n02395406
val_1713.JPEG,n03179701
val_1714.JPEG,n02963159
val_1715.JPEG,n07873807
val_1716.JPEG,n03179701
val_1717.JPEG,n04311004
val_1718.JPEG,n03179701
val_1719.JPEG,n02480495
val_1720.JPEG,n01774384
val_1721.JPEG,n02963159
val_1722.JPEG,n02504458
val_1723.JPEG,n01770393
val_1724.JPEG,n01443537
val_1725.JPEG,n02233338
val_1726.JPEG,n03980874
val_1727.JPEG,n02123394
val_1728.JPEG,n03980874
val_1729.JPEG,n01770393
val_1730.JPEG,n03637318
val_1731.JPEG,n03179701
val_1732.JPEG,n01443537
val_1733.JPEG,n02058221
val_1734.JPEG,n03763968
val_1735.JPEG,n01443537
val_1736.JPEG,n02977058
val_1737.JPEG,n03763968
val_1738.JPEG,n01770393
val_1739.JPEG,n02977058
val_1740.JPEG,n04562935
val_1741.JPEG,n01774384
val_1742.JPEG,n02395406
val_1743.JPEG,n07873807
val_1744.JPEG,n02963159
val_1745.JPEG,n01443537
val_1746.JPEG,n02486410
val_1747.JPEG,n03980874
val_1748.JPEG,n02233338
val_1749.JPEG,n02486410
val_1750.JPEG,n03179701
val_1751.JPEG,n02486410
val_1752.JPEG,n02486410
val_1753.JPEG,n02977058
val_1754.JPEG,n02058221
val_1755.JPEG,n02977058
val_1756.JPEG,n02802426
val_1757.JPEG,n02395406
val_1758.JPEG,n01443537
val_1759.JPEG,n02480495
val_1760.JPEG,n02058221
val_1761.JPEG,n03637318
val_1762.JPEG,n03763968
val_1763.JPEG,n02963159
val_1764.JPEG,n03179701
val_1765.JPEG,n03179701
val_1766.JPEG,n02233338
val_1767.JPEG,n02802426
val_1768.JPEG,n01770393
val_1769.JPEG,n02802426
val_1770.JPEG,n02395406
val_1771.JPEG,n02480495
val_1772.JPEG,n01770393
val_1773.JPEG,n02802426
val_1774.JPEG,n01770393
val_1775.JPEG,n02977058
val_1776.JPEG,n02486410
val_1777.JPEG,n01770393
val_1778.JPEG,n02802426
val_1779.JPEG,n02123394
val_1780.JPEG,n02963159
val_1781.JPEG,n02802426
val_1782.JPEG,n02977058
val_1783.JPEG,n02977058
val_1784.JPEG,n03980874
val_1785.JPEG,n02395406
val_1786.JPEG,n02963159
val_1787.JPEG,n02480495
val_1788.JPEG,n04311004
val_1789.JPEG,n01443537
val_1790.JPEG,n02123394
val_1791.JPEG,n01770393
val_1792.JPEG,n03179701
val_1793.JPEG,n02963159
val_1794.JPEG,n02233338
val_1795.JPEG,n02123394
val_1796.JPEG,n02486410
val_1797.JPEG,n02977058
val_1798.JPEG,n01770393
val_1799.JPEG,n02480495
val_1800.JPEG,n02233338
val_1801.JPEG,n04562935
val_1802.JPEG,n02963159
val_1803.JPEG,n03637318
val_1804.JPEG,n01774384
val_1805.JPEG,n03179701
val_1806.JPEG,n03637318
val_1807.JPEG,n02480495
val_1808.JPEG,n03179701
val_1809.JPEG,n02977058
val_1810.JPEG,n02233338
val_1811.JPEG,n02977058
val_1812.JPEG,n01774384
val_1813.JPEG,n02977058
val_1814.JPEG,n02123394
val_1815.JPEG,n04311004
val_1816.JPEG,n03637318
val_1817.JPEG,n02963159
val_1818.JPEG,n03179701
val_1819.JPEG,n02977058
val_1820.JPEG,n02395406
val_1821.JPEG,n03637318
val_1822.JPEG,n02233338
val_1823.JPEG,n02802426
val_1824.JPEG,n03637318
val_1825.JPEG,n03179701
val_1826.JPEG,n02395406
val_1827.JPEG,n02058221
val_1828.JPEG,n02504458
val_1829.JPEG,n02058221
val_1830.JPEG,n02963159
val_1831.JPEG,n02486410
val_1832.JPEG,n02802426
val_1833.JPEG,n03637318
val_1834.JPEG,n02480495
val_1835.JPEG,n02977058
val_1836.JPEG,n04311004
val_1837.JPEG,n02977058
val_1838.JPEG,n02802426
val_1839.JPEG,n02480495
val_1840.JPEG,n03637318
val_1841.JPEG,n02977058
val_1842.JPEG,n02058221
val_1843.JPEG,n02480495
val_1844.JPEG,n03179701
val_1845.JPEG,n02977058
val_1846.JPEG,n02480495
val_1847.JPEG,n02480495
val_1848.JPEG,n07873807
val_1849.JPEG,n02395406
val_1850.JPEG,n02963159
val_1851.JPEG,n02480495
val_1852.JPEG,n02395406
val_1853.JPEG,n02480495
val_1854.JPEG,n01770393
val_1855.JPEG,n04311004
val_1856.JPEG,n02977058
val_1857.JPEG,n02233338
val_1858.JPEG,n02123394
val_1859.JPEG,n02123394
val_1860.JPEG,n03763968
val_1861.JPEG,n02480495
val_1862.JPEG,n02802426
val_1863.JPEG,n02977058
val_1864.JPEG,n02233338
val_1865.JPEG,n01443537
val_1866.JPEG,n03763968
val_1867.JPEG,n02058221
val_1868.JPEG,n01443537
val_1869.JPEG,n07873807
val_1870.JPEG,n02963159
val_1871.JPEG,n01770393
val_1872.JPEG,n01770393
val_1873.JPEG,n07873807
val_1874.JPEG,n04311004
val_1875.JPEG,n02480495
val_1876.JPEG,n02395406
val_1877.JPEG,n02802426
val_1878.JPEG,n02395406
val_1879.JPEG,n02802426
val_1880.JPEG,n02123394
val_1881.JPEG,n04311004
val_1882.JPEG,n02233338
val_1883.JPEG,n04311004
val_1884.JPEG,n02963159
val_1885.JPEG,n03179701
val_1886.JPEG,n02233338
val_1887.JPEG,n02395406
val_1888.JPEG,n02504458
val_1889.JPEG,n02486410
val_1890.JPEG,n03763968
val_1891.JPEG,n02233338
val_1892.JPEG,n02486410
val_1893.JPEG,n02977058
val_1894.JPEG,n03179701
val_1895.JPEG,n01443537
val_1896.JPEG,n03179701
val_1897.JPEG,n02963159
val_1898.JPEG,n03179701
val_1899.JPEG,n02123394
val_1900.JPEG,n02480495
val_1901.JPEG,n01770393
val_1902.JPEG,n02977058
val_1903.JPEG,n07873807
val_1904.JPEG,n02058221
val_1905.JPEG,n02977058
val_1906.JPEG,n01774384
val_1907.JPEG,n02123394
val_1908.JPEG,n02480495
val_1909.JPEG,n01770393
val_1910.JPEG,n03179701
val_1911.JPEG,n04311004
val_1912.JPEG,n02977058
val_1913.JPEG,n02977058
val_1914.JPEG,n03637318
val_1915.JPEG,n01774384
val_1916.JPEG,n02977058
val_1917.JPEG,n01443537
val_1918.JPEG,n03179701
val_1919.JPEG,n02977058
val_1920.JPEG,n01443537
val_1921.JPEG,n03179701
val_1922.JPEG,n01443537
val_1923.JPEG,n07873807
val_1924.JPEG,n01443537
val_1925.JPEG,n02802426
val_1926.JPEG,n04562935
val_1927.JPEG,n03179701
val_1928.JPEG,n02123394
val_1929.JPEG,n02123394
val_1930.JPEG,n01770393
val_1931.JPEG,n02480495
val_1932.JPEG,n02233338
val_1933.JPEG,n03763968
val_1934.JPEG,n03763968
val_1935.JPEG,n02486410
val_1936.JPEG,n02486410
val_1937.JPEG,n03179701
val_1938.JPEG,n02480495
val_1939.JPEG,n01443537
val_1940.JPEG,n02233338
val_1941.JPEG,n03179701
val_1942.JPEG,n03179701
val_1943.JPEG,n02486410
val_1944.JPEG,n02123394
val_1945.JPEG,n02480495
val_1946.JPEG,n01443537
val_1947.JPEG,n03179701
val_1948.JPEG,n02977058
val_1949.JPEG,n02977058
val_1950.JPEG,n02802426
val_1951.JPEG,n03637318
val_1952.JPEG,n01770393
val_1953.JPEG,n03179701
val_1954.JPEG,n02233338
val_1955.JPEG,n02395406
val_1956.JPEG,n02977058
val_1957.JPEG,n02963159
val_1958.JPEG,n01770393
val_1959.JPEG,n03637318
val_1960.JPEG,n02233338
val_1961.JPEG,n02977058
val_1962.JPEG,n02977058
val_1963.JPEG,n02123394
val_1964.JPEG,n02963159
val_1965.JPEG,n01770393
val_1966.JPEG,n02486410
val_1967.JPEG,n02123394
val_1968.JPEG,n04562935
val_1969.JPEG,n02058221
val_1970.JPEG,n03763968
val_1971.JPEG,n02977058
val_1972.JPEG,n01443537
val_1973.JPEG,n07873807
val_1974.JPEG,n03179701
val_1975.JPEG,n03179701
val_1976.JPEG,n04311004
val_1977.JPEG,n02233338
val_1978.JPEG,n03637318
val_1979.JPEG,n02963159
val_1980.JPEG,n01443537
val_1981.JPEG,n07873807
val_1982.JPEG,n03637318
val_1983.JPEG,n02123394
val_1984.JPEG,n02233338
val_1985.JPEG,n02123394
val_1986.JPEG,n02233338
val_1987.JPEG,n02504458
val_1988.JPEG,n03637318
val_1989.JPEG,n01443537
val_1990.JPEG,n02802426
val_1991.JPEG,n02233338
val_1992.JPEG,n04562935
val_1993.JPEG,n02123394
val_1994.JPEG,n01770393
val_1995.JPEG,n02977058
val_1996.JPEG,n03763968
val_1997.JPEG,n02977058
val_1998.JPEG,n01770393
val_1999.JPEG,n02802426
val_2000.JPEG,n02123394
val_2001.JPEG,n02977058
val_2002.JPEG,n03637318
val_2003.JPEG,n04311004
val_2004.JPEG,n02123394
val_2005.JPEG,n03637318
val_2006.JPEG,n03179701
val_2007.JPEG,n01443537
val_2008.JPEG,n02977058
val_2009.JPEG,n02233338
val_2010.JPEG,n02977058
val_2011.JPEG,n02963159
val_2012.JPEG,n01443537
val_2013.JPEG,n04311004
val_2014.JPEG,n02963159
val_2015.JPEG,n02977058
val_2016.JPEG,n03179701
val_2017.JPEG,n02123394
val_2018.JPEG,n01770393
val_2019.JPEG,n02123394
val_2020.JPEG,n01774384
val_2021.JPEG,n02233338
val_2022.JPEG,n07873807
val_2023.JPEG,n01443537
val_2024.JPEG,n02123394
val_2025.JPEG,n02977058
val_2026.JPEG,n02504458
val_2027.JPEG,n03179701
val_2028.JPEG,n03179701
val_2029.JPEG,n02504458
val_2030.JPEG,n02486410
val_2031.JPEG,n04311004
val_2032.JPEG,n01770393
val_2033.JPEG,n02486410
val_2034.JPEG,n02504458
val_2035.JPEG,n03179701
val_2036.JPEG,n07873807
val_2037.JPEG,n02977058
val_2038.JPEG,n01443537
val_2039.JPEG,n02058221
val_2040.JPEG,n03763968
val_2041.JPEG,n04311004
val_2042.JPEG,n04311004
val_2043.JPEG,n04311004
val_2044.JPEG,n03763968
val_2045.JPEG,n04311004
val_2046.JPEG,n01443537
val_2047.JPEG,n04311004
val_2048.JPEG,n02977058
val_2049.JPEG,n02395406
val_2050.JPEG,n02123394
val_2051.JPEG,n02486410
val_2052.JPEG,n02480495
val_2053.JPEG,n01774384
val_2054.JPEG,n01443537
val_2055.JPEG,n02395406
val_2056.JPEG,n07873807
val_2057.JPEG,n02977058
val_2058.JPEG,n02802426
val_2059.JPEG,n03763968
val_2060.JPEG,n02395406
val_2061.JPEG,n02480495
val_2062.JPEG,n07873807
val_2063.JPEG,n02963159
val_2064.JPEG,n01770393
val_2065.JPEG,n03763968
val_2066.JPEG,n03763968
val_2067.JPEG,n02963159
val_2068.JPEG,n04562935
val_2069.JPEG,n07873807
val_2070.JPEG,n03179701
val_2071.JPEG,n01443537
val_2072.JPEG,n03637318
val_2073.JPEG,n02486410
val_2074.JPEG,n02504458
val_2075.JPEG,n01770393
val_2076.JPEG,n02058221
val_2077.JPEG,n02486410
val_2078.JPEG,n02977058
val_2079.JPEG,n01443537
val_2080.JPEG,n02977058
val_2081.JPEG,n02977058
val_2082.JPEG,n02977058
val_2083.JPEG,n02233338
val_2084.JPEG,n02233338
val_2085.JPEG,n02504458
val_2086.JPEG,n01443537
val_2087.JPEG,n01443537
val_2088.JPEG,n03763968
val_2089.JPEG,n02802426
val_2090.JPEG,n02123394
val_2091.JPEG,n02058221
val_2092.JPEG,n02395406
val_2093.JPEG,n02233338
val_2094.JPEG,n02233338
val_2095.JPEG,n02977058
val_2096.JPEG,n03763968
val_2097.JPEG,n04311004
val_2098.JPEG,n02395406
val_2099.JPEG,n04311004
val_2100.JPEG,n04562935
val_2101.JPEG,n02058221
val_2102.JPEG,n04562935
val_2103.JPEG,n03179701
val_2104.JPEG,n03980874
val_2105.JPEG,n02486410
val_2106.JPEG,n03179701
val_2107.JPEG,n02486410
val_2108.JPEG,n02480495
val_2109.JPEG,n03637318
val_2110.JPEG,n02480495
val_2111.JPEG,n02233338
val_2112.JPEG,n02977058
val_2113.JPEG,n02963159
val_2114.JPEG,n04311004
val_2115.JPEG,n03637318
val_2116.JPEG,n02977058
val_2117.JPEG,n02977058
val_2118.JPEG,n03763968
val_2119.JPEG,n03179701
val_2120.JPEG,n04311004
val_2121.JPEG,n02486410
val_2122.JPEG,n04562935
val_2123.JPEG,n01770393
val_2124.JPEG,n02123394
val_2125.JPEG,n02977058
val_2126.JPEG,n02233338
val_2127.JPEG,n02480495
val_2128.JPEG,n02058221
val_2129.JPEG,n01770393
val_2130.JPEG,n02486410
val_2131.JPEG,n03763968
val_2132.JPEG,n02233338
val_2133.JPEG,n02977058
val_2134.JPEG,n02802426
val_2135.JPEG,n07873807
val_2136.JPEG,n01770393
val_2137.JPEG,n07873807
val_2138.JPEG,n02233338
val_2139.JPEG,n02977058
val_2140.JPEG,n01443537
val_2141.JPEG,n03179701
val_2142.JPEG,n01443537
val_2143.JPEG,n04311004
val_2144.JPEG,n04562935
val_2145.JPEG,n02977058
val_2146.JPEG,n02480495
val_2147.JPEG,n02977058
val_2148.JPEG,n02123394
val_2149.JPEG,n01774384
val_2150.JPEG,n04562935
val_2151.JPEG,n02977058
val_2152.JPEG,n02977058
val_2153.JPEG,n03179701
val_2154.JPEG,n07873807
val_2155.JPEG,n02486410
val_2156.JPEG,n01443537
val_2157.JPEG,n02233338
val_2158.JPEG,n02963159
val_2159.JPEG,n01443537
val_2160.JPEG,n02977058
val_2161.JPEG,n02802426
val_2162.JPEG,n02486410
val_2163.JPEG,n03763968
val_2164.JPEG,n03763968
val_2165.JPEG,n02123394
val_2166.JPEG,n02123394
val_2167.JPEG,n01443537
val_2168.JPEG,n02486410
val_2169.JPEG,n03763968
val_2170.JPEG,n02480495
val_2171.JPEG,n01774384
val_2172.JPEG,n01770393
val_2173.JPEG,n03637318
val_2174.JPEG,n04562935
val_2175.JPEG,n02504458
val_2176.JPEG,n02963159
val_2177.JPEG,n02504458
val_2178.JPEG,n02486410
val_2179.JPEG,n03763968
val_2180.JPEG,n03637318
val_2181.JPEG,n03637318
val_2182.JPEG,n02802426
val_2183.JPEG,n02963159
val_2184.JPEG,n02963159
val_2185.JPEG,n04562935
val_2186.JPEG,n02486410
val_2187.JPEG,n02233338
val_2188.JPEG,n02977058
val_2189.JPEG,n03980874
val_2190.JPEG,n02963159
val_2191.JPEG,n04562935
val_2192.JPEG,n03179701
val_2193.JPEG,n02802426
val_2194.JPEG,n02963159
val_2195.JPEG,n02977058
val_2196.JPEG,n02480495
val_2197.JPEG,n02395406
val_2198.JPEG,n03179701
val_2199.JPEG,n07873807
val_2200.JPEG,n01770393
val_2201.JPEG,n03179701
val_2202.JPEG,n03763968
val_2203.JPEG,n01443537
val_2204.JPEG,n01770393
val_2205.JPEG,n03179701
val_2206.JPEG,n04311004
val_2207.JPEG,n02123394
val_2208.JPEG,n02977058
val_2209.JPEG,n02233338
val_2210.JPEG,n02963159
val_2211.JPEG,n02233338
val_2212.JPEG,n04562935
val_2213.JPEG,n02395406
val_2214.JPEG,n02123394
val_2215.JPEG,n03179701
val_2216.JPEG,n03637318
val_2217.JPEG,n01774384
val_2218.JPEG,n01770393
val_2219.JPEG,n02233338
val_2220.JPEG,n01774384
val_2221.JPEG,n03637318
val_2222.JPEG,n02395406
val_2223.JPEG,n02977058
val_2224.JPEG,n02977058
val_2225.JPEG,n02480495
val_2226.JPEG,n07873807
val_2227.JPEG,n03179701
val_2228.JPEG,n03637318
val_2229.JPEG,n01443537
val_2230.JPEG,n03179701
val_2231.JPEG,n02963159
val_2232.JPEG,n02977058
val_2233.JPEG,n02977058
val_2234.JPEG,n03179701
val_2235.JPEG,n02233338
val_2236.JPEG,n03980874
val_2237.JPEG,n03980874
val_2238.JPEG,n02963159
val_2239.JPEG,n02504458
val_2240.JPEG,n07873807
val_2241.JPEG,n07873807
val_2242.JPEG,n02233338
val_2243.JPEG,n02233338
val_2244.JPEG,n02480495
val_2245.JPEG,n01770393
val_2246.JPEG,n03637318
val_2247.JPEG,n03179701
val_2248.JPEG,n01443537
val_2249.JPEG,n03763968
val_2250.JPEG,n02963159
val_2251.JPEG,n02480495
val_2252.JPEG,n02802426
val_2253.JPEG,n01443537
val_2254.JPEG,n02233338
val_2255.JPEG,n02233338
val_2256.JPEG,n02395406
val_2257.JPEG,n02395406
val_2258.JPEG,n03637318
val_2259.JPEG,n02233338
val_2260.JPEG,n02233338
val_2261.JPEG,n01770393
val_2262.JPEG,n02977058
val_2263.JPEG,n03980874
val_2264.JPEG,n01770393
val_2265.JPEG,n02123394
val_2266.JPEG,n02123394
val_2267.JPEG,n02395406
val_2268.JPEG,n02486410
val_2269.JPEG,n02480495
val_2270.JPEG,n04311004
val_2271.JPEG,n02123394
val_2272.JPEG,n02486410
val_2273.JPEG,n02123394
val_2274.JPEG,n01443537
val_2275.JPEG,n03763968
val_2276.JPEG,n02486410
val_2277.JPEG,n01443537
val_2278.JPEG,n02123394
val_2279.JPEG,n04311004
val_2280.JPEG,n02963159
val_2281.JPEG,n02233338
val_2282.JPEG,n01774384
val_2283.JPEG,n02504458
val_2284.JPEG,n02123394
val_2285.JPEG,n01770393
val_2286.JPEG,n07873807
val_2287.JPEG,n03179701
val_2288.JPEG,n01770393
val_2289.JPEG,n01774384
val_2290.JPEG,n02977058
val_2291.JPEG,n01770393
val_2292.JPEG,n03179701
val_2293.JPEG,n03179701
val_2294.JPEG,n02058221
val_2295.JPEG,n02123394
val_2296.JPEG,n03179701
val_2297.JPEG,n03179701
val_2298.JPEG,n02802426
val_2299.JPEG,n03179701
val_2300.JPEG,n02977058
val_2301.JPEG,n01443537
val_2302.JPEG,n02977058
val_2303.JPEG,n03179701
val_2304.JPEG,n03763968
val_2305.JPEG,n01443537
val_2306.JPEG,n02963159
val_2307.JPEG,n02395406
val_2308.JPEG,n02977058
val_2309.JPEG,n02395406
val_2310.JPEG,n02977058
val_2311.JPEG,n02486410
val_2312.JPEG,n02486410
val_2313.JPEG,n02802426
val_2314.JPEG,n01770393
val_2315.JPEG,n03179701
val_2316.JPEG,n03637318
val_2317.JPEG,n04311004
val_2318.JPEG,n02802426
val_2319.JPEG,n01443537
val_2320.JPEG,n01443537
val_2321.JPEG,n01443537
val_2322.JPEG,n02504458
val_2323.JPEG,n03980874
val_2324.JPEG,n02977058
val_2325.JPEG,n02977058
val_2326.JPEG,n01443537
val_2327.JPEG,n02395406
val_2328.JPEG,n02486410
val_2329.JPEG,n02395406
val_2330.JPEG,n02123394
val_2331.JPEG,n02123394
val_2332.JPEG,n04562935
val_2333.JPEG,n02058221
val_2334.JPEG,n03179701
val_2335.JPEG,n02395406
val_2336.JPEG,n01443537
val_2337.JPEG,n01443537
val_2338.JPEG,n02233338
val_2339.JPEG,n02977058
val_2340.JPEG,n02504458
val_2341.JPEG,n03179701
val_2342.JPEG,n02977058
val_2343.JPEG,n03637318
val_2344.JPEG,n02395406
val_2345.JPEG,n02486410
val_2346.JPEG,n03179701
val_2347.JPEG,n03179701
val_2348.JPEG,n03763968
val_2349.JPEG,n02802426
val_2350.JPEG,n02977058
val_2351.JPEG,n04311004
val_2352.JPEG,n07873807
val_2353.JPEG,n04311004
val_2354.JPEG,n04311004
val_2355.JPEG,n04311004
val_2356.JPEG,n04562935
val_2357.JPEG,n02486410
val_2358.JPEG,n02058221
val_2359.JPEG,n02058221
val_2360.JPEG,n02504458
val_2361.JPEG,n01774384
val_2362.JPEG,n02504458
val_2363.JPEG,n02802426
val_2364.JPEG,n03763968
val_2365.JPEG,n02963159
val_2366.JPEG,n02480495
val_2367.JPEG,n02123394
val_2368.JPEG,n04311004
val_2369.JPEG,n02395406
val_2370.JPEG,n02486410
val_2371.JPEG,n02963159
val_2372.JPEG,n02977058
val_2373.JPEG,n02977058
val_2374.JPEG,n02963159
val_2375.JPEG,n02963159
val_2376.JPEG,n01443537
val_2377.JPEG,n04311004
val_2378.JPEG,n02486410
val_2379.JPEG,n03179701
val_2380.JPEG,n02977058
val_2381.JPEG,n02963159
val_2382.JPEG,n02233338
val_2383.JPEG,n02963159
val_2384.JPEG,n01770393
val_2385.JPEG,n02802426
val_2386.JPEG,n02977058
val_2387.JPEG,n02802426
val_2388.JPEG,n02480495
val_2389.JPEG,n02504458
val_2390.JPEG,n02504458
val_2391.JPEG,n02123394
val_2392.JPEG,n01770393
val_2393.JPEG,n01770393
val_2394.JPEG,n02486410
val_2395.JPEG,n02963159
val_2396.JPEG,n04562935
val_2397.JPEG,n02977058
val_2398.JPEG,n01443537
val_2399.JPEG,n02058221
val_2400.JPEG,n01770393
val_2401.JPEG,n02480495
val_2402.JPEG,n01770393
val_2403.JPEG,n03763968
val_2404.JPEG,n02123394
val_2405.JPEG,n03637318
val_2406.JPEG,n03637318
val_2407.JPEG,n02504458
val_2408.JPEG,n02480495
val_2409.JPEG,n01770393
val_2410.JPEG,n02123394
val_2411.JPEG,n02480495
val_2412.JPEG,n02977058
val_2413.JPEG,n02480495
val_2414.JPEG,n03980874
val_2415.JPEG,n02123394
val_2416.JPEG,n02233338
val_2417.JPEG,n01770393
val_2418.JPEG,n02395406
val_2419.JPEG,n03763968
val_2420.JPEG,n03179701
val_2421.JPEG,n02963159
val_2422.JPEG,n02058221
val_2423.JPEG,n02802426
val_2424.JPEG,n01770393
val_2425.JPEG,n02963159
val_2426.JPEG,n03179701
val_2427.JPEG,n03763968
val_2428.JPEG,n04562935
val_2429.JPEG,n02233338
val_2430.JPEG,n04311004
val_2431.JPEG,n02233338
val_2432.JPEG,n02486410
val_2433.JPEG,n02963159
val_2434.JPEG,n02486410
val_2435.JPEG,n03179701
val_2436.JPEG,n01774384
val_2437.JPEG,n02977058
val_2438.JPEG,n04562935
val_2439.JPEG,n01443537
val_2440.JPEG,n03763968
val_2441.JPEG,n02395406
val_2442.JPEG,n02977058
val_2443.JPEG,n02058221
val_2444.JPEG,n02504458
val_2445.JPEG,n03763968
val_2446.JPEG,n02977058
val_2447.JPEG,n02977058
val_2448.JPEG,n02977058
val_2449.JPEG,n04562935
val_2450.JPEG,n03763968
val_2451.JPEG,n03179701
val_2452.JPEG,n02395406
val_2453.JPEG,n04311004
val_2454.JPEG,n03179701
val_2455.JPEG,n01443537
val_2456.JPEG,n02233338
val_2457.JPEG,n03179701
val_2458.JPEG,n02123394
val_2459.JPEG,n03179701
val_2460.JPEG,n02395406
val_2461.JPEG,n04311004
val_2462.JPEG,n02977058
val_2463.JPEG,n03763968
val_2464.JPEG,n01770393
val_2465.JPEG,n02802426
val_2466.JPEG,n03179701
val_2467.JPEG,n02123394
val_2468.JPEG,n07873807
val_2469.JPEG,n01774384
val_2470.JPEG,n01770393
val_2471.JPEG,n04562935
val_2472.JPEG,n03179701
val_2473.JPEG,n02963159
val_2474.JPEG,n02123394
val_2475.JPEG,n04311004
val_2476.JPEG,n01443537
val_2477.JPEG,n02058221
val_2478.JPEG,n03763968
val_2479.JPEG,n02963159
val_2480.JPEG,n03179701
val_2481.JPEG,n02395406
val_2482.JPEG,n02123394
val_2483.JPEG,n02963159
val_2484.JPEG,n02233338
val_2485.JPEG,n04311004
val_2486.JPEG,n02977058
val_2487.JPEG,n02802426
val_2488.JPEG,n02395406
val_2489.JPEG,n03179701
val_2490.JPEG,n01443537
val_2491.JPEG,n03763968
val_2492.JPEG,n02395406
val_2493.JPEG,n02504458
val_2494.JPEG,n02977058
val_2495.JPEG,n01770393
val_2496.JPEG,n01443537
val_2497.JPEG,n02977058
val_2498.JPEG,n03179701
val_2499.JPEG,n02395406
val_2500.JPEG,n02233338
val_2501.JPEG,n01443537
val_2502.JPEG,n03179701
val_2503.JPEG,n02480495
val_2504.JPEG,n03763968
val_2505.JPEG,n03179701
val_2506.JPEG,n02480495
val_2507.JPEG,n02233338
val_2508.JPEG,n03637318
val_2509.JPEG,n03637318
val_2510.JPEG,n03179701
val_2511.JPEG,n03980874
val_2512.JPEG,n02802426
val_2513.JPEG,n02123394
val_2514.JPEG,n02123394
val_2515.JPEG,n02977058
val_2516.JPEG,n02058221
val_2517.JPEG,n03179701
val_2518.JPEG,n02123394
val_2519.JPEG,n02977058
val_2520.JPEG,n02480495
val_2521.JPEG,n03179701
val_2522.JPEG,n03637318
val_2523.JPEG,n07873807
val_2524.JPEG,n02058221
val_2525.JPEG,n02977058
val_2526.JPEG,n02963159
val_2527.JPEG,n02963159
val_2528.JPEG,n02395406
val_2529.JPEG,n01770393
val_2530.JPEG,n03637318
val_2531.JPEG,n02977058
val_2532.JPEG,n02977058
val_2533.JPEG,n02480495
val_2534.JPEG,n02233338
val_2535.JPEG,n02058221
val_2536.JPEG,n03980874
val_2537.JPEG,n02963159
val_2538.JPEG,n03637318
val_2539.JPEG,n03763968
val_2540.JPEG,n02058221
val_2541.JPEG,n03763968
val_2542.JPEG,n03179701
val_2543.JPEG,n02395406
val_2544.JPEG,n01443537
val_2545.JPEG,n02963159
val_2546.JPEG,n02486410
val_2547.JPEG,n02486410
val_2548.JPEG,n02123394
val_2549.JPEG,n02977058
val_2550.JPEG,n01770393
val_2551.JPEG,n02233338
val_2552.JPEG,n03763968
val_2553.JPEG,n03179701
val_2554.JPEG,n02233338
val_2555.JPEG,n02233338
val_2556.JPEG,n01774384
val_2557.JPEG,n04311004
val_2558.JPEG,n02963159
val_2559.JPEG,n02802426
val_2560.JPEG,n02233338
val_2561.JPEG,n03763968
val_2562.JPEG,n04562935
val_2563.JPEG,n02963159
val_2564.JPEG,n02977058
val_2565.JPEG,n01770393
val_2566.JPEG,n02123394
val_2567.JPEG,n03179701
val_2568.JPEG,n02480495
val_2569.JPEG,n02977058
val_2570.JPEG,n01443537
val_2571.JPEG,n02480495
val_2572.JPEG,n02480495
val_2573.JPEG,n03179701
val_2574.JPEG,n03637318
val_2575.JPEG,n01774384
val_2576.JPEG,n03179701
val_2577.JPEG,n02977058
val_2578.JPEG,n02233338
val_2579.JPEG,n02123394
val_2580.JPEG,n02395406
val_2581.JPEG,n02233338
val_2582.JPEG,n03980874
val_2583.JPEG,n03179701
val_2584.JPEG,n04562935
val_2585.JPEG,n03763968
val_2586.JPEG,n02977058
val_2587.JPEG,n02486410
val_2588.JPEG,n01443537
val_2589.JPEG,n02486410
val_2590.JPEG,n02233338
val_2591.JPEG,n03763968
val_2592.JPEG,n02480495
val_2593.JPEG,n03763968
val_2594.JPEG,n04311004
val_2595.JPEG,n04311004
val_2596.JPEG,n02963159
val_2597.JPEG,n03763968
val_2598.JPEG,n02963159
val_2599.JPEG,n04311004
val_2600.JPEG,n01774384
val_2601.JPEG,n02977058
val_2602.JPEG,n02486410
val_2603.JPEG,n01770393
val_2604.JPEG,n02233338
val_2605.JPEG,n02802426
val_2606.JPEG,n03980874
val_2607.JPEG,n04562935
val_2608.JPEG,n01443537
val_2609.JPEG,n02977058
val_2610.JPEG,n02802426
val_2611.JPEG,n02977058
val_2612.JPEG,n01443537
val_2613.JPEG,n01443537
val_2614.JPEG,n03179701
val_2615.JPEG,n02123394
val_2616.JPEG,n01770393
val_2617.JPEG,n03179701
val_2618.JPEG,n02963159
val_2619.JPEG,n03980874
val_2620.JPEG,n04311004
val_2621.JPEG,n02802426
val_2622.JPEG,n02977058
val_2623.JPEG,n01770393
val_2624.JPEG,n02480495
val_2625.JPEG,n02233338
val_2626.JPEG,n01770393
val_2627.JPEG,n01774384
val_2628.JPEG,n02802426
val_2629.JPEG,n02233338
val_2630.JPEG,n01774384
val_2631.JPEG,n01774384
val_2632.JPEG,n02963159
val_2633.JPEG,n01770393
val_2634.JPEG,n02480495
val_2635.JPEG,n02963159
val_2636.JPEG,n02977058
val_2637.JPEG,n01443537
val_2638.JPEG,n02233338
val_2639.JPEG,n02058221
val_2640.JPEG,n03637318
val_2641.JPEG,n01774384
val_2642.JPEG,n02058221
val_2643.JPEG,n02123394
val_2644.JPEG,n02480495
val_2645.JPEG,n04562935
val_2646.JPEG,n03763968
val_2647.JPEG,n01443537
val_2648.JPEG,n03763968
val_2649.JPEG,n04562935
val_2650.JPEG,n02233338
val_2651.JPEG,n04562935
val_2652.JPEG,n03179701
val_2653.JPEG,n01770393
val_2654.JPEG,n02977058
val_2655.JPEG,n02963159
val_2656.JPEG,n03179701
val_2657.JPEG,n02123394
val_2658.JPEG,n02977058
val_2659.JPEG,n04311004
val_2660.JPEG,n02233338
val_2661.JPEG,n02123394
val_2662.JPEG,n02395406
val_2663.JPEG,n01770393
val_2664.JPEG,n03763968
val_2665.JPEG,n02963159
val_2666.JPEG,n02802426
val_2667.JPEG,n03763968
val_2668.JPEG,n02058221
val_2669.JPEG,n02233338
val_2670.JPEG,n02395406
val_2671.JPEG,n02480495
val_2672.JPEG,n02480495
val_2673.JPEG,n02977058
val_2674.JPEG,n01774384
val_2675.JPEG,n02802426
val_2676.JPEG,n03179701
val_2677.JPEG,n02963159
val_2678.JPEG,n01770393
val_2679.JPEG,n07873807
val_2680.JPEG,n02802426
val_2681.JPEG,n02233338
val_2682.JPEG,n02802426
val_2683.JPEG,n01443537
val_2684.JPEG,n01770393
val_2685.JPEG,n01770393
val_2686.JPEG,n02977058
val_2687.JPEG,n02395406
val_2688.JPEG,n02486410
val_2689.JPEG,n02802426
val_2690.JPEG,n02963159
val_2691.JPEG,n02058221
val_2692.JPEG,n03763968
val_2693.JPEG,n03763968
val_2694.JPEG,n02233338
val_2695.JPEG,n01443537
val_2696.JPEG,n02233338
val_2697.JPEG,n03763968
val_2698.JPEG,n03179701
val_2699.JPEG,n02977058
val_2700.JPEG,n01443537
val_2701.JPEG,n03179701
val_2702.JPEG,n02058221
val_2703.JPEG,n03179701
val_2704.JPEG,n03763968
val_2705.JPEG,n07873807
val_2706.JPEG,n03763968
val_2707.JPEG,n01443537
val_2708.JPEG,n03179701
val_2709.JPEG,n03179701
val_2710.JPEG,n04311004
val_2711.JPEG,n04311004
val_2712.JPEG,n02123394
val_2713.JPEG,n01443537
val_2714.JPEG,n02977058
val_2715.JPEG,n03763968
val_2716.JPEG,n03763968
val_2717.JPEG,n04562935
val_2718.JPEG,n02233338
val_2719.JPEG,n02802426
val_2720.JPEG,n03179701
val_2721.JPEG,n02233338
val_2722.JPEG,n01770393
val_2723.JPEG,n03179701
val_2724.JPEG,n02977058
val_2725.JPEG,n02233338
val_2726.JPEG,n02977058
val_2727.JPEG,n03637318
val_2728.JPEG,n03179701
val_2729.JPEG,n03980874
val_2730.JPEG,n02977058
val_2731.JPEG,n02058221
val_2732.JPEG,n03179701
val_2733.JPEG,n02802426
val_2734.JPEG,n01774384
val_2735.JPEG,n01770393
val_2736.JPEG,n02963159
val_2737.JPEG,n02802426
val_2738.JPEG,n02123394
val_2739.JPEG,n02504458
val_2740.JPEG,n03179701
val_2741.JPEG,n02233338
val_2742.JPEG,n02058221
val_2743.JPEG,n03763968
val_2744.JPEG,n01770393
val_2745.JPEG,n04562935
val_2746.JPEG,n03763968
val_2747.JPEG,n02233338
val_2748.JPEG,n02395406
val_2749.JPEG,n02123394
val_2750.JPEG,n03179701
val_2751.JPEG,n02123394
val_2752.JPEG,n02233338
val_2753.JPEG,n02504458
val_2754.JPEG,n02233338
val_2755.JPEG,n02480495
val_2756.JPEG,n03980874
val_2757.JPEG,n02395406
val_2758.JPEG,n07873807
val_2759.JPEG,n02486410
val_2760.JPEG,n04562935
val_2761.JPEG,n03179701
val_2762.JPEG,n02802426
val_2763.JPEG,n03763968
val_2764.JPEG,n01770393
val_2765.JPEG,n01443537
val_2766.JPEG,n02963159
val_2767.JPEG,n02504458
val_2768.JPEG,n01443537
val_2769.JPEG,n03179701
val_2770.JPEG,n01770393
val_2771.JPEG,n03637318
val_2772.JPEG,n07873807
val_2773.JPEG,n02058221
val_2774.JPEG,n02395406
val_2775.JPEG,n02123394
val_2776.JPEG,n01443537
val_2777.JPEG,n03763968
val_2778.JPEG,n02977058
val_2779.JPEG,n01770393
val_2780.JPEG,n02802426
val_2781.JPEG,n02233338
val_2782.JPEG,n02486410
val_2783.JPEG,n03179701
val_2784.JPEG,n02963159
val_2785.JPEG,n02963159
val_2786.JPEG,n02963159
val_2787.JPEG,n03179701
val_2788.JPEG,n02977058
val_2789.JPEG,n02802426
val_2790.JPEG,n02480495
val_2791.JPEG,n02123394
val_2792.JPEG,n04311004
val_2793.JPEG,n07873807
val_2794.JPEG,n03179701
val_2795.JPEG,n02480495
val_2796.JPEG,n02486410
val_2797.JPEG,n02486410
val_2798.JPEG,n03179701
val_2799.JPEG,n04311004
val_2800.JPEG,n02963159
val_2801.JPEG,n03179701
val_2802.JPEG,n02977058
val_2803.JPEG,n02486410
val_2804.JPEG,n02233338
val_2805.JPEG,n03637318
val_2806.JPEG,n04311004
val_2807.JPEG,n03179701
val_2808.JPEG,n01774384
val_2809.JPEG,n02977058
val_2810.JPEG,n02963159
val_2811.JPEG,n02058221
val_2812.JPEG,n03179701
val_2813.JPEG,n04562935
val_2814.JPEG,n02486410
val_2815.JPEG,n02977058
val_2816.JPEG,n02802426
val_2817.JPEG,n07873807
val_2818.JPEG,n03980874
val_2819.JPEG,n07873807
val_2820.JPEG,n07873807
val_2821.JPEG,n02977058
val_2822.JPEG,n07873807
val_2823.JPEG,n01774384
val_2824.JPEG,n02977058
val_2825.JPEG,n01770393
val_2826.JPEG,n03763968
val_2827.JPEG,n01770393
val_2828.JPEG,n02123394
val_2829.JPEG,n02486410
val_2830.JPEG,n02977058
val_2831.JPEG,n04311004
val_2832.JPEG,n07873807
val_2833.JPEG,n03763968
val_2834.JPEG,n02977058
val_2835.JPEG,n02123394
val_2836.JPEG,n02486410
val_2837.JPEG,n03179701
val_2838.JPEG,n07873807
val_2839.JPEG,n02504458
val_2840.JPEG,n02486410
val_2841.JPEG,n01770393
val_2842.JPEG,n02233338
val_2843.JPEG,n02802426
val_2844.JPEG,n02233338
val_2845.JPEG,n02480495
val_2846.JPEG,n03763968
val_2847.JPEG,n02480495
val_2848.JPEG,n01770393
val_2849.JPEG,n01443537
val_2850.JPEG,n03637318
val_2851.JPEG,n01443537
val_2852.JPEG,n02802426
val_2853.JPEG,n02233338
val_2854.JPEG,n03179701
val_2855.JPEG,n02963159
val_2856.JPEG,n03179701
val_2857.JPEG,n04311004
val_2858.JPEG,n03179701
val_2859.JPEG,n01443537
val_2860.JPEG,n04562935
val_2861.JPEG,n02963159
val_2862.JPEG,n07873807
val_2863.JPEG,n02486410
val_2864.JPEG,n02480495
val_2865.JPEG,n02977058
val_2866.JPEG,n03637318
val_2867.JPEG,n02977058
val_2868.JPEG,n02233338
val_2869.JPEG,n01770393
val_2870.JPEG,n02977058
val_2871.JPEG,n02977058
val_2872.JPEG,n01443537
val_2873.JPEG,n03179701
val_2874.JPEG,n02123394
val_2875.JPEG,n02977058
val_2876.JPEG,n02977058
val_2877.JPEG,n02963159
val_2878.JPEG,n02977058
val_2879.JPEG,n03763968
val_2880.JPEG,n02395406
val_2881.JPEG,n02802426
val_2882.JPEG,n03179701
val_2883.JPEG,n02233338
val_2884.JPEG,n01770393
val_2885.JPEG,n03179701
val_2886.JPEG,n02486410
val_2887.JPEG,n01443537
val_2888.JPEG,n02802426
val_2889.JPEG,n02977058
val_2890.JPEG,n02480495
val_2891.JPEG,n02233338
val_2892.JPEG,n03179701
val_2893.JPEG,n01770393
val_2894.JPEG,n03763968
val_2895.JPEG,n02802426
val_2896.JPEG,n03763968
val_2897.JPEG,n03637318
val_2898.JPEG,n02977058
val_2899.JPEG,n03763968
val_2900.JPEG,n01443537
val_2901.JPEG,n02977058
val_2902.JPEG,n02233338
val_2903.JPEG,n02963159
val_2904.JPEG,n01443537
val_2905.JPEG,n03179701
val_2906.JPEG,n02233338
val_2907.JPEG,n07873807
val_2908.JPEG,n03179701
val_2909.JPEG,n04562935
val_2910.JPEG,n02977058
val_2911.JPEG,n07873807
val_2912.JPEG,n02123394
val_2913.JPEG,n02480495
val_2914.JPEG,n02123394
val_2915.JPEG,n03637318
val_2916.JPEG,n02058221
val_2917.JPEG,n03179701
val_2918.JPEG,n01443537
val_2919.JPEG,n03179701
val_2920.JPEG,n01770393
val_2921.JPEG,n01770393
val_2922.JPEG,n03980874
val_2923.JPEG,n02977058
val_2924.JPEG,n02395406
val_2925.JPEG,n03763968
val_2926.JPEG,n01770393
val_2927.JPEG,n02977058
val_2928.JPEG,n02977058
val_2929.JPEG,n03179701
val_2930.JPEG,n01770393
val_2931.JPEG,n02486410
val_2932.JPEG,n04311004
val_2933.JPEG,n03763968
val_2934.JPEG,n02058221
val_2935.JPEG,n04311004
val_2936.JPEG,n02802426
val_2937.JPEG,n03179701
val_2938.JPEG,n03179701
val_2939.JPEG,n01774384
val_2940.JPEG,n03637318
val_2941.JPEG,n04311004
val_2942.JPEG,n02480495
val_2943.JPEG,n02233338
val_2944.JPEG,n02123394
val_2945.JPEG,n02233338
val_2946.JPEG,n01443537
val_2947.JPEG,n03637318
val_2948.JPEG,n07873807
val_2949.JPEG,n04311004
val_2950.JPEG,n04311004
val_2951.JPEG,n02977058
val_2952.JPEG,n01774384
val_2953.JPEG,n02233338
val_2954.JPEG,n03637318
val_2955.JPEG,n07873807
val_2956.JPEG,n02977058
val_2957.JPEG,n01443537
val_2958.JPEG,n02123394
val_2959.JPEG,n02486410
val_2960.JPEG,n02233338
val_2961.JPEG,n02977058
val_2962.JPEG,n03980874
val_2963.JPEG,n03637318
val_2964.JPEG,n01770393
val_2965.JPEG,n07873807
val_2966.JPEG,n03179701
val_2967.JPEG,n02395406
val_2968.JPEG,n03179701
val_2969.JPEG,n01443537
val_2970.JPEG,n02977058
val_2971.JPEG,n02802426
val_2972.JPEG,n02977058
val_2973.JPEG,n03179701
val_2974.JPEG,n02233338
val_2975.JPEG,n04562935
val_2976.JPEG,n03637318
val_2977.JPEG,n07873807
val_2978.JPEG,n02233338
val_2979.JPEG,n04311004
val_2980.JPEG,n01443537
val_2981.JPEG,n03637318
val_2982.JPEG,n03763968
val_2983.JPEG,n01770393
val_2984.JPEG,n01770393
val_2985.JPEG,n02802426
val_2986.JPEG,n02123394
val_2987.JPEG,n02977058
val_2988.JPEG,n03763968
val_2989.JPEG,n02977058
val_2990.JPEG,n01770393
val_2991.JPEG,n03179701
val_2992.JPEG,n01443537
val_2993.JPEG,n02395406
val_2994.JPEG,n02233338
val_2995.JPEG,n04311004
val_2996.JPEG,n03179701
val_2997.JPEG,n02486410
val_2998.JPEG,n07873807
val_2999.JPEG,n02963159
val_3000.JPEG,n04311004
val_3001.JPEG,n02977058
val_3002.JPEG,n03179701
val_3003.JPEG,n02504458
val_3004.JPEG,n03763968
val_3005.JPEG,n04311004
val_3006.JPEG,n02233338
val_3007.JPEG,n02977058
val_3008.JPEG,n02977058
val_3009.JPEG,n02977058
val_3010.JPEG,n02977058
val_3011.JPEG,n02963159
val_3012.JPEG,n02977058
val_3013.JPEG,n02977058
val_3014.JPEG,n02963159
val_3015.JPEG,n07873807
val_3016.JPEG,n02977058
val_3017.JPEG,n02123394
val_3018.JPEG,n02486410
val_3019.JPEG,n02977058
val_3020.JPEG,n02963159
val_3021.JPEG,n04562935
val_3022.JPEG,n02395406
val_3023.JPEG,n02233338
val_3024.JPEG,n04562935
val_3025.JPEG,n02977058
val_3026.JPEG,n02480495
val_3027.JPEG,n04311004
val_3028.JPEG,n02963159
val_3029.JPEG,n03763968
val_3030.JPEG,n02486410
val_3031.JPEG,n02977058
val_3032.JPEG,n02058221
val_3033.JPEG,n02977058
val_3034.JPEG,n02977058
val_3035.JPEG,n02977058
val_3036.JPEG,n03637318
val_3037.JPEG,n02233338
val_3038.JPEG,n02233338
val_3039.JPEG,n03637318
val_3040.JPEG,n07873807
val_3041.JPEG,n02123394
val_3042.JPEG,n02123394
val_3043.JPEG,n07873807
val_3044.JPEG,n03179701
val_3045.JPEG,n02123394
val_3046.JPEG,n03179701
val_3047.JPEG,n03179701
val_3048.JPEG,n02123394
val_3049.JPEG,n02504458
val_3050.JPEG,n04311004
val_3051.JPEG,n02233338
val_3052.JPEG,n04562935
val_3053.JPEG,n07873807
val_3054.JPEG,n01770393
val_3055.JPEG,n02977058
val_3056.JPEG,n02963159
val_3057.JPEG,n01443537
val_3058.JPEG,n02395406
val_3059.JPEG,n02123394
val_3060.JPEG,n03637318
val_3061.JPEG,n04311004
val_3062.JPEG,n02486410
val_3063.JPEG,n02123394
val_3064.JPEG,n02802426
val_3065.JPEG,n03179701
val_3066.JPEG,n01443537
val_3067.JPEG,n02977058
val_3068.JPEG,n02233338
val_3069.JPEG,n02480495
val_3070.JPEG,n01443537
val_3071.JPEG,n02802426
val_3072.JPEG,n02486410
val_3073.JPEG,n03763968
val_3074.JPEG,n01774384
val_3075.JPEG,n02977058
val_3076.JPEG,n02123394
val_3077.JPEG,n02486410
val_3078.JPEG,n02977058
val_3079.JPEG,n07873807
val_3080.JPEG,n02977058
val_3081.JPEG,n02977058
val_3082.JPEG,n02963159
val_3083.JPEG,n01443537
val_3084.JPEG,n03763968
val_3085.JPEG,n02233338
val_3086.JPEG,n03763968
val_3087.JPEG,n02123394
val_3088.JPEG,n01443537
val_3089.JPEG,n02977058
val_3090.JPEG,n03179701
val_3091.JPEG,n02123394
val_3092.JPEG,n02123394
val_3093.JPEG,n03637318
val_3094.JPEG,n02395406
val_3095.JPEG,n07873807
val_3096.JPEG,n02977058
val_3097.JPEG,n02977058
val_3098.JPEG,n02395406
val_3099.JPEG,n02233338
val_3100.JPEG,n02977058
val_3101.JPEG,n04562935
val_3102.JPEG,n02233338
val_3103.JPEG,n01770393
val_3104.JPEG,n07873807
val_3105.JPEG,n03179701
val_3106.JPEG,n03179701
val_3107.JPEG,n07873807
val_3108.JPEG,n02977058
val_3109.JPEG,n01443537
val_3110.JPEG,n01443537
val_3111.JPEG,n02480495
val_3112.JPEG,n02058221
val_3113.JPEG,n02977058
val_3114.JPEG,n02123394
val_3115.JPEG,n02977058
val_3116.JPEG,n01443537
val_3117.JPEG,n01443537
val_3118.JPEG,n02802426
val_3119.JPEG,n02480495
val_3120.JPEG,n01443537
val_3121.JPEG,n07873807
val_3122.JPEG,n02802426
val_3123.JPEG,n02123394
val_3124.JPEG,n01774384
val_3125.JPEG,n02977058
val_3126.JPEG,n02977058
val_3127.JPEG,n02395406
val_3128.JPEG,n02504458
val_3129.JPEG,n03763968
val_3130.JPEG,n04311004
val_3131.JPEG,n03637318
val_3132.JPEG,n02802426
val_3133.JPEG,n02123394
val_3134.JPEG,n03637318
val_3135.JPEG,n02233338
val_3136.JPEG,n02395406
val_3137.JPEG,n03179701
val_3138.JPEG,n02977058
val_3139.JPEG,n02395406
val_3140.JPEG,n02977058
val_3141.JPEG,n02233338
val_3142.JPEG,n02123394
val_3143.JPEG,n02233338
val_3144.JPEG,n02233338
val_3145.JPEG,n03179701
val_3146.JPEG,n04562935
val_3147.JPEG,n02977058
val_3148.JPEG,n02977058
val_3149.JPEG,n03179701
val_3150.JPEG,n02480495
val_3151.JPEG,n04562935
val_3152.JPEG,n02233338
val_3153.JPEG,n02963159
val_3154.JPEG,n02480495
val_3155.JPEG,n03763968
val_3156.JPEG,n02123394
val_3157.JPEG,n01443537
val_3158.JPEG,n03763968
val_3159.JPEG,n02395406
val_3160.JPEG,n03763968
val_3161.JPEG,n03179701
val_3162.JPEG,n02233338
val_3163.JPEG,n01770393
val_3164.JPEG,n02486410
val_3165.JPEG,n04311004
val_3166.JPEG,n04311004
val_3167.JPEG,n04311004
val_3168.JPEG,n02480495
val_3169.JPEG,n02058221
val_3170.JPEG,n02058221
val_3171.JPEG,n02395406
val_3172.JPEG,n02977058
val_3173.JPEG,n04311004
val_3174.JPEG,n02058221
val_3175.JPEG,n02802426
val_3176.JPEG,n02977058
val_3177.JPEG,n02395406
val_3178.JPEG,n02802426
val_3179.JPEG,n02977058
val_3180.JPEG,n01443537
val_3181.JPEG,n02802426
val_3182.JPEG,n02058221
val_3183.JPEG,n02977058
val_3184.JPEG,n02480495
val_3185.JPEG,n01443537
val_3186.JPEG,n03763968
val_3187.JPEG,n02963159
val_3188.JPEG,n02233338
val_3189.JPEG,n02123394
val_3190.JPEG,n02977058
val_3191.JPEG,n03763968
val_3192.JPEG,n02802426
val_3193.JPEG,n03637318
val_3194.JPEG,n01443537
val_3195.JPEG,n07873807
val_3196.JPEG,n03763968
val_3197.JPEG,n02123394
val_3198.JPEG,n02486410
val_3199.JPEG,n07873807
val_3200.JPEG,n02395406
val_3201.JPEG,n03763968
val_3202.JPEG,n02480495
val_3203.JPEG,n03763968
val_3204.JPEG,n02395406
val_3205.JPEG,n02058221
val_3206.JPEG,n02963159
val_3207.JPEG,n01443537
val_3208.JPEG,n01443537
val_3209.JPEG,n02395406
val_3210.JPEG,n03637318
val_3211.JPEG,n02802426
val_3212.JPEG,n01443537
val_3213.JPEG,n03179701
val_3214.JPEG,n01770393
val_3215.JPEG,n02123394
val_3216.JPEG,n02395406
val_3217.JPEG,n01770393
val_3218.JPEG,n02233338
val_3219.JPEG,n04311004
val_3220.JPEG,n02480495
val_3221.JPEG,n03980874
val_3222.JPEG,n03179701
val_3223.JPEG,n03637318
val_3224.JPEG,n02963159
val_3225.JPEG,n01770393
val_3226.JPEG,n03179701
val_3227.JPEG,n04562935
val_3228.JPEG,n03637318
val_3229.JPEG,n03179701
val_3230.JPEG,n02123394
val_3231.JPEG,n02123394
val_3232.JPEG,n02058221
val_3233.JPEG,n02802426
val_3234.JPEG,n03179701
val_3235.JPEG,n03637318
val_3236.JPEG,n01774384
val_3237.JPEG,n02977058
val_3238.JPEG,n02233338
val_3239.JPEG,n02504458
val_3240.JPEG,n02486410
val_3241.JPEG,n03763968
val_3242.JPEG,n04562935
val_3243.JPEG,n02480495
val_3244.JPEG,n03980874
val_3245.JPEG,n02977058
val_3246.JPEG,n02977058
val_3247.JPEG,n03179701
val_3248.JPEG,n02480495
val_3249.JPEG,n02480495
val_3250.JPEG,n03179701
val_3251.JPEG,n03179701
val_3252.JPEG,n04311004
val_3253.JPEG,n02977058
val_3254.JPEG,n03980874
val_3255.JPEG,n03637318
val_3256.JPEG,n03179701
val_3257.JPEG,n04311004
val_3258.JPEG,n02977058
val_3259.JPEG,n02977058
val_3260.JPEG,n03179701
val_3261.JPEG,n02233338
val_3262.JPEG,n02395406
val_3263.JPEG,n04562935
val_3264.JPEG,n04311004
val_3265.JPEG,n02486410
val_3266.JPEG,n02058221
val_3267.JPEG,n03637318
val_3268.JPEG,n01770393
val_3269.JPEG,n02123394
val_3270.JPEG,n02123394
val_3271.JPEG,n02504458
val_3272.JPEG,n02977058
val_3273.JPEG,n02123394
val_3274.JPEG,n01770393
val_3275.JPEG,n02233338
val_3276.JPEG,n02480495
val_3277.JPEG,n02480495
val_3278.JPEG,n01770393
val_3279.JPEG,n02395406
val_3280.JPEG,n02977058
val_3281.JPEG,n03637318
val_3282.JPEG,n02963159
val_3283.JPEG,n02233338
val_3284.JPEG,n02977058
val_3285.JPEG,n04562935
val_3286.JPEG,n02802426
val_3287.JPEG,n03179701
val_3288.JPEG,n02233338
val_3289.JPEG,n01443537
val_3290.JPEG,n04311004
val_3291.JPEG,n01770393
val_3292.JPEG,n02480495
val_3293.JPEG,n02123394
val_3294.JPEG,n01770393
val_3295.JPEG,n04562935
val_3296.JPEG,n02802426
val_3297.JPEG,n07873807
val_3298.JPEG,n02480495
val_3299.JPEG,n02963159
val_3300.JPEG,n01770393
val_3301.JPEG,n03179701
val_3302.JPEG,n01770393
val_3303.JPEG,n03179701
val_3304.JPEG,n07873807
val_3305.JPEG,n07873807
val_3306.JPEG,n02233338
val_3307.JPEG,n02977058
val_3308.JPEG,n02395406
val_3309.JPEG,n03179701
val_3310.JPEG,n01770393
val_3311.JPEG,n01770393
val_3312.JPEG,n02977058
val_3313.JPEG,n03179701
val_3314.JPEG,n02123394
val_3315.JPEG,n02977058
val_3316.JPEG,n04311004
val_3317.JPEG,n02123394
val_3318.JPEG,n02977058
val_3319.JPEG,n01770393
val_3320.JPEG,n02977058
val_3321.JPEG,n03763968
val_3322.JPEG,n02123394
val_3323.JPEG,n02977058
val_3324.JPEG,n02802426
val_3325.JPEG,n02977058
val_3326.JPEG,n02963159
val_3327.JPEG,n03763968
val_3328.JPEG,n02233338
val_3329.JPEG,n01770393
val_3330.JPEG,n02486410
val_3331.JPEG,n03637318
val_3332.JPEG,n04311004
val_3333.JPEG,n02233338
val_3334.JPEG,n03637318
val_3335.JPEG,n02123394
val_3336.JPEG,n02977058
val_3337.JPEG,n02123394
val_3338.JPEG,n02802426
val_3339.JPEG,n02480495
val_3340.JPEG,n02123394
val_3341.JPEG,n01443537
val_3342.JPEG,n03179701
val_3343.JPEG,n02233338
val_3344.JPEG,n01770393
val_3345.JPEG,n02486410
val_3346.JPEG,n01770393
val_3347.JPEG,n04562935
val_3348.JPEG,n02123394
val_3349.JPEG,n02963159
val_3350.JPEG,n02233338
val_3351.JPEG,n02123394
val_3352.JPEG,n02233338
val_3353.JPEG,n03980874
val_3354.JPEG,n03179701
val_3355.JPEG,n07873807
val_3356.JPEG,n02480495
val_3357.JPEG,n04562935
val_3358.JPEG,n02802426
val_3359.JPEG,n01770393
val_3360.JPEG,n03980874
val_3361.JPEG,n03637318
val_3362.JPEG,n02480495
val_3363.JPEG,n02233338
val_3364.JPEG,n03637318
val_3365.JPEG,n01770393
val_3366.JPEG,n02233338
val_3367.JPEG,n02977058
val_3368.JPEG,n04311004
val_3369.JPEG,n03179701
val_3370.JPEG,n01443537
val_3371.JPEG,n02504458
val_3372.JPEG,n02486410
val_3373.JPEG,n03763968
val_3374.JPEG,n04562935
val_3375.JPEG,n03179701
val_3376.JPEG,n01774384
val_3377.JPEG,n01443537
val_3378.JPEG,n03179701
val_3379.JPEG,n07873807
val_3380.JPEG,n07873807
val_3381.JPEG,n03179701
val_3382.JPEG,n03179701
val_3383.JPEG,n02058221
val_3384.JPEG,n04311004
val_3385.JPEG,n04311004
val_3386.JPEG,n02977058
val_3387.JPEG,n03179701
val_3388.JPEG,n02977058
val_3389.JPEG,n03179701
val_3390.JPEG,n03179701
val_3391.JPEG,n02233338
val_3392.JPEG,n02486410
val_3393.JPEG,n02058221
val_3394.JPEG,n04562935
val_3395.JPEG,n02977058
val_3396.JPEG,n02480495
val_3397.JPEG,n03763968
val_3398.JPEG,n01770393
val_3399.JPEG,n01443537
val_3400.JPEG,n02486410
val_3401.JPEG,n04562935
val_3402.JPEG,n01774384
val_3403.JPEG,n01774384
val_3404.JPEG,n02977058
val_3405.JPEG,n03763968
val_3406.JPEG,n02480495
val_3407.JPEG,n03980874
val_3408.JPEG,n03637318
val_3409.JPEG,n02480495
val_3410.JPEG,n01770393
val_3411.JPEG,n02058221
val_3412.JPEG,n02480495
val_3413.JPEG,n02977058
val_3414.JPEG,n04311004
val_3415.JPEG,n07873807
val_3416.JPEG,n02963159
val_3417.JPEG,n02977058
val_3418.JPEG,n02395406
val_3419.JPEG,n01443537
val_3420.JPEG,n02963159
val_3421.JPEG,n07873807
val_3422.JPEG,n02977058
val_3423.JPEG,n02977058
val_3424.JPEG,n02802426
val_3425.JPEG,n01443537
val_3426.JPEG,n04562935
val_3427.JPEG,n03179701
val_3428.JPEG,n02977058
val_3429.JPEG,n01770393
val_3430.JPEG,n02802426
val_3431.JPEG,n02233338
val_3432.JPEG,n03179701
val_3433.JPEG,n03763968
val_3434.JPEG,n03980874
val_3435.JPEG,n07873807
val_3436.JPEG,n02802426
val_3437.JPEG,n02233338
val_3438.JPEG,n01770393
val_3439.JPEG,n01443537
val_3440.JPEG,n02963159
val_3441.JPEG,n02233338
val_3442.JPEG,n02963159
val_3443.JPEG,n04311004
val_3444.JPEG,n04311004
val_3445.JPEG,n02395406
val_3446.JPEG,n03179701
val_3447.JPEG,n02480495
val_3448.JPEG,n02233338
val_3449.JPEG,n03763968
val_3450.JPEG,n02802426
val_3451.JPEG,n02802426
val_3452.JPEG,n02504458
val_3453.JPEG,n02395406
val_3454.JPEG,n02480495
val_3455.JPEG,n03179701
val_3456.JPEG,n02977058
val_3457.JPEG,n02058221
val_3458.JPEG,n02395406
val_3459.JPEG,n03179701
val_3460.JPEG,n02480495
val_3461.JPEG,n03179701
val_3462.JPEG,n02977058
val_3463.JPEG,n02977058
val_3464.JPEG,n01770393
val_3465.JPEG,n02123394
val_3466.JPEG,n02963159
val_3467.JPEG,n04562935
val_3468.JPEG,n04562935
val_3469.JPEG,n02977058
val_3470.JPEG,n02802426
val_3471.JPEG,n02233338
val_3472.JPEG,n03179701
val_3473.JPEG,n02977058
val_3474.JPEG,n04311004
val_3475.JPEG,n02977058
val_3476.JPEG,n03763968
val_3477.JPEG,n01443537
val_3478.JPEG,n02233338
val_3479.JPEG,n02977058
val_3480.JPEG,n02480495
val_3481.JPEG,n02977058
val_3482.JPEG,n02233338
val_3483.JPEG,n02504458
val_3484.JPEG,n04562935
val_3485.JPEG,n02480495
val_3486.JPEG,n01770393
val_3487.JPEG,n02395406
val_3488.JPEG,n03637318
val_3489.JPEG,n03179701
val_3490.JPEG,n07873807
val_3491.JPEG,n02123394
val_3492.JPEG,n03637318
val_3493.JPEG,n01774384
val_3494.JPEG,n02977058
val_3495.JPEG,n02977058
val_3496.JPEG,n01770393
val_3497.JPEG,n02480495
val_3498.JPEG,n02058221
val_3499.JPEG,n02480495
val_3500.JPEG,n02486410
val_3501.JPEG,n02233338
val_3502.JPEG,n02480495
val_3503.JPEG,n02963159
val_3504.JPEG,n03637318
val_3505.JPEG,n02963159
val_3506.JPEG,n02977058
val_3507.JPEG,n03980874
val_3508.JPEG,n02480495
val_3509.JPEG,n02123394
val_3510.JPEG,n07873807
val_3511.JPEG,n02963159
val_3512.JPEG,n01774384
val_3513.JPEG,n04311004
val_3514.JPEG,n07873807
val_3515.JPEG,n02977058
val_3516.JPEG,n02963159
val_3517.JPEG,n02486410
val_3518.JPEG,n02486410
val_3519.JPEG,n01770393
val_3520.JPEG,n02123394
val_3521.JPEG,n02977058
val_3522.JPEG,n02123394
val_3523.JPEG,n02486410
val_3524.JPEG,n02480495
val_3525.JPEG,n02486410
val_3526.JPEG,n04311004
val_3527.JPEG,n04311004
val_3528.JPEG,n02977058
val_3529.JPEG,n03763968
val_3530.JPEG,n02123394
val_3531.JPEG,n04562935
val_3532.JPEG,n03179701
val_3533.JPEG,n02486410
val_3534.JPEG,n02233338
val_3535.JPEG,n01770393
val_3536.JPEG,n07873807
val_3537.JPEG,n02123394
val_3538.JPEG,n02058221
val_3539.JPEG,n02963159
val_3540.JPEG,n02480495
val_3541.JPEG,n03637318
val_3542.JPEG,n03179701
val_3543.JPEG,n01443537
val_3544.JPEG,n02480495
val_3545.JPEG,n01443537
val_3546.JPEG,n02395406
val_3547.JPEG,n02058221
val_3548.JPEG,n02486410
val_3549.JPEG,n01770393
val_3550.JPEG,n02123394
val_3551.JPEG,n02977058
val_3552.JPEG,n02802426
val_3553.JPEG,n02480495
val_3554.JPEG,n03637318
val_3555.JPEG,n03637318
val_3556.JPEG,n01443537
val_3557.JPEG,n01443537
val_3558.JPEG,n02480495
val_3559.JPEG,n02233338
val_3560.JPEG,n02963159
val_3561.JPEG,n01443537
val_3562.JPEG,n03179701
val_3563.JPEG,n02480495
val_3564.JPEG,n03179701
val_3565.JPEG,n07873807
val_3566.JPEG,n02977058
val_3567.JPEG,n03763968
val_3568.JPEG,n02480495
val_3569.JPEG,n02058221
val_3570.JPEG,n03179701
val_3571.JPEG,n03179701
val_3572.JPEG,n02058221
val_3573.JPEG,n07873807
val_3574.JPEG,n02480495
val_3575.JPEG,n02802426
val_3576.JPEG,n02802426
val_3577.JPEG,n07873807
val_3578.JPEG,n03980874
val_3579.JPEG,n04562935
val_3580.JPEG,n02233338
val_3581.JPEG,n01770393
val_3582.JPEG,n02480495
val_3583.JPEG,n03763968
val_3584.JPEG,n03980874
val_3585.JPEG,n07873807
val_3586.JPEG,n02058221
val_3587.JPEG,n02977058
val_3588.JPEG,n01443537
val_3589.JPEG,n02058221
val_3590.JPEG,n02123394
val_3591.JPEG,n03980874
val_3592.JPEG,n03179701
val_3593.JPEG,n02977058
val_3594.JPEG,n02233338
val_3595.JPEG,n02977058
val_3596.JPEG,n03637318
val_3597.JPEG,n02395406
val_3598.JPEG,n02480495
val_3599.JPEG,n04311004
val_3600.JPEG,n03763968
val_3601.JPEG,n01443537
val_3602.JPEG,n01443537
val_3603.JPEG,n02977058
val_3604.JPEG,n02504458
val_3605.JPEG,n02963159
val_3606.JPEG,n02480495
val_3607.JPEG,n02123394
val_3608.JPEG,n02977058
val_3609.JPEG,n01443537
val_3610.JPEG,n02480495
val_3611.JPEG,n07873807
val_3612.JPEG,n01770393
val_3613.JPEG,n02963159
val_3614.JPEG,n02977058
val_3615.JPEG,n02123394
val_3616.JPEG,n03179701
val_3617.JPEG,n02802426
val_3618.JPEG,n02123394
val_3619.JPEG,n03763968
val_3620.JPEG,n02977058
val_3621.JPEG,n02058221
val_3622.JPEG,n02233338
val_3623.JPEG,n02504458
val_3624.JPEG,n01770393
val_3625.JPEG,n01770393
val_3626.JPEG,n03637318
val_3627.JPEG,n01770393
val_3628.JPEG,n02977058
val_3629.JPEG,n02486410
val_3630.JPEG,n03980874
val_3631.JPEG,n02977058
val_3632.JPEG,n07873807
val_3633.JPEG,n02233338
val_3634.JPEG,n02480495
val_3635.JPEG,n02977058
val_3636.JPEG,n02233338
val_3637.JPEG,n04562935
val_3638.JPEG,n02977058
val_3639.JPEG,n04562935
val_3640.JPEG,n07873807
val_3641.JPEG,n02963159
val_3642.JPEG,n01774384
val_3643.JPEG,n03179701
val_3644.JPEG,n01770393
val_3645.JPEG,n02504458
val_3646.JPEG,n02233338
val_3647.JPEG,n01774384
val_3648.JPEG,n02504458
val_3649.JPEG,n03637318
val_3650.JPEG,n03179701
val_3651.JPEG,n01770393
val_3652.JPEG,n02977058
val_3653.JPEG,n03763968
val_3654.JPEG,n04311004
val_3655.JPEG,n02486410
val_3656.JPEG,n03637318
val_3657.JPEG,n01770393
val_3658.JPEG,n01774384
val_3659.JPEG,n02977058
val_3660.JPEG,n01443537
val_3661.JPEG,n07873807
val_3662.JPEG,n01443537
val_3663.JPEG,n02963159
val_3664.JPEG,n02233338
val_3665.JPEG,n02395406
val_3666.JPEG,n02395406
val_3667.JPEG,n02395406
val_3668.JPEG,n02233338
val_3669.JPEG,n02123394
val_3670.JPEG,n03179701
val_3671.JPEG,n02977058
val_3672.JPEG,n03637318
val_3673.JPEG,n02233338
val_3674.JPEG,n03179701
val_3675.JPEG,n01770393
val_3676.JPEG,n02977058
val_3677.JPEG,n02504458
val_3678.JPEG,n02395406
val_3679.JPEG,n01443537
val_3680.JPEG,n02480495
val_3681.JPEG,n03763968
val_3682.JPEG,n02486410
val_3683.JPEG,n02233338
val_3684.JPEG,n02233338
val_3685.JPEG,n02977058
val_3686.JPEG,n03637318
val_3687.JPEG,n02233338
val_3688.JPEG,n02486410
val_3689.JPEG,n01774384
val_3690.JPEG,n02977058
val_3691.JPEG,n03637318
val_3692.JPEG,n07873807
val_3693.JPEG,n02977058
val_3694.JPEG,n01443537
val_3695.JPEG,n01770393
val_3696.JPEG,n03763968
val_3697.JPEG,n02395406
val_3698.JPEG,n02058221
val_3699.JPEG,n02395406
val_3700.JPEG,n02233338
val_3701.JPEG,n01443537
val_3702.JPEG,n02395406
val_3703.JPEG,n02480495
val_3704.JPEG,n03179701
val_3705.JPEG,n02486410
val_3706.JPEG,n02480495
val_3707.JPEG,n02486410
val_3708.JPEG,n02233338
val_3709.JPEG,n02395406
val_3710.JPEG,n01443537
val_3711.JPEG,n03637318
val_3712.JPEG,n02977058
val_3713.JPEG,n02977058
val_3714.JPEG,n03763968
val_3715.JPEG,n03763968
val_3716.JPEG,n03179701
val_3717.JPEG,n02977058
val_3718.JPEG,n03763968
val_3719.JPEG,n03763968
val_3720.JPEG,n02486410
val_3721.JPEG,n03980874
val_3722.JPEG,n03763968
val_3723.JPEG,n02977058
val_3724.JPEG,n01770393
val_3725.JPEG,n03980874
val_3726.JPEG,n03179701
val_3727.JPEG,n02977058
val_3728.JPEG,n07873807
val_3729.JPEG,n02486410
val_3730.JPEG,n03637318
val_3731.JPEG,n02395406
val_3732.JPEG,n07873807
val_3733.JPEG,n02480495
val_3734.JPEG,n03179701
val_3735.JPEG,n01770393
val_3736.JPEG,n04311004
val_3737.JPEG,n01443537
val_3738.JPEG,n02395406
val_3739.JPEG,n02802426
val_3740.JPEG,n04311004
val_3741.JPEG,n04311004
val_3742.JPEG,n02977058
val_3743.JPEG,n01770393
val_3744.JPEG,n02123394
val_3745.JPEG,n02233338
val_3746.JPEG,n07873807
val_3747.JPEG,n02233338
val_3748.JPEG,n02233338
val_3749.JPEG,n04562935
val_3750.JPEG,n02480495
val_3751.JPEG,n03763968
val_3752.JPEG,n02504458
val_3753.JPEG,n02802426
val_3754.JPEG,n02977058
val_3755.JPEG,n03637318
val_3756.JPEG,n03637318
val_3757.JPEG,n02977058
val_3758.JPEG,n02058221
val_3759.JPEG,n02395406
val_3760.JPEG,n02963159
val_3761.JPEG,n02123394
val_3762.JPEG,n02480495
val_3763.JPEG,n02395406
val_3764.JPEG,n02977058
val_3765.JPEG,n02802426
val_3766.JPEG,n02058221
val_3767.JPEG,n02802426
val_3768.JPEG,n02233338
val_3769.JPEG,n01774384
val_3770.JPEG,n02480495
val_3771.JPEG,n04311004
val_3772.JPEG,n01443537
val_3773.JPEG,n02977058
val_3774.JPEG,n03980874
val_3775.JPEG,n02504458
val_3776.JPEG,n02058221
val_3777.JPEG,n03179701
val_3778.JPEG,n03179701
val_3779.JPEG,n03980874
val_3780.JPEG,n03179701
val_3781.JPEG,n04311004
val_3782.JPEG,n02802426
val_3783.JPEG,n02123394
val_3784.JPEG,n02480495
val_3785.JPEG,n04562935
val_3786.JPEG,n02977058
val_3787.JPEG,n02977058
val_3788.JPEG,n01770393
val_3789.JPEG,n03980874
val_3790.JPEG,n04311004
val_3791.JPEG,n02977058
val_3792.JPEG,n01774384
val_3793.JPEG,n01443537
val_3794.JPEG,n02123394
val_3795.JPEG,n02395406
val_3796.JPEG,n03980874
val_3797.JPEG,n02233338
val_3798.JPEG,n02233338
val_3799.JPEG,n03763968
val_3800.JPEG,n02963159
val_3801.JPEG,n02058221
val_3802.JPEG,n02395406
val_3803.JPEG,n07873807
val_3804.JPEG,n03763968
val_3805.JPEG,n04311004
val_3806.JPEG,n03179701
val_3807.JPEG,n02802426
val_3808.JPEG,n02233338
val_3809.JPEG,n04311004
val_3810.JPEG,n02233338
val_3811.JPEG,n02977058
val_3812.JPEG,n04311004
val_3813.JPEG,n02233338
val_3814.JPEG,n01774384
val_3815.JPEG,n02486410
val_3816.JPEG,n03179701
val_3817.JPEG,n02123394
val_3818.JPEG,n02233338
val_3819.JPEG,n03763968
val_3820.JPEG,n01443537
val_3821.JPEG,n02058221
val_3822.JPEG,n01443537
val_3823.JPEG,n02233338
val_3824.JPEG,n02802426
val_3825.JPEG,n02977058
val_3826.JPEG,n03763968
val_3827.JPEG,n02977058
val_3828.JPEG,n02977058
val_3829.JPEG,n02802426
val_3830.JPEG,n07873807
val_3831.JPEG,n02480495
val_3832.JPEG,n02977058
val_3833.JPEG,n03763968
val_3834.JPEG,n03179701
val_3835.JPEG,n02977058
val_3836.JPEG,n02395406
val_3837.JPEG,n02977058
val_3838.JPEG,n04562935
val_3839.JPEG,n02480495
val_3840.JPEG,n04562935
val_3841.JPEG,n02123394
val_3842.JPEG,n03637318
val_3843.JPEG,n02977058
val_3844.JPEG,n02233338
val_3845.JPEG,n01770393
val_3846.JPEG,n02480495
val_3847.JPEG,n03179701
val_3848.JPEG,n02977058
val_3849.JPEG,n02977058
val_3850.JPEG,n02395406
val_3851.JPEG,n01443537
val_3852.JPEG,n02233338
val_3853.JPEG,n03179701
val_3854.JPEG,n03179701
val_3855.JPEG,n04311004
val_3856.JPEG,n02977058
val_3857.JPEG,n03179701
val_3858.JPEG,n02486410
val_3859.JPEG,n02504458
val_3860.JPEG,n02058221
val_3861.JPEG,n02802426
val_3862.JPEG,n07873807
val_3863.JPEG,n02963159
val_3864.JPEG,n02977058
val_3865.JPEG,n02802426
val_3866.JPEG,n04562935
val_3867.JPEG,n02233338
val_3868.JPEG,n02963159
val_3869.JPEG,n03637318
val_3870.JPEG,n02123394
val_3871.JPEG,n02123394
val_3872.JPEG,n02123394
val_3873.JPEG,n04311004
val_3874.JPEG,n02233338
val_3875.JPEG,n07873807
val_3876.JPEG,n02058221
val_3877.JPEG,n03763968
val_3878.JPEG,n01443537
val_3879.JPEG,n03980874
val_3880.JPEG,n04311004
val_3881.JPEG,n02963159
val_3882.JPEG,n02486410
val_3883.JPEG,n02058221
val_3884.JPEG,n02977058
val_3885.JPEG,n02058221
val_3886.JPEG,n02977058
val_3887.JPEG,n02977058
val_3888.JPEG,n02977058
val_3889.JPEG,n02233338
val_3890.JPEG,n03637318
val_3891.JPEG,n02802426
val_3892.JPEG,n02123394
val_3893.JPEG,n01770393
val_3894.JPEG,n04562935
val_3895.JPEG,n02058221
val_3896.JPEG,n03763968
val_3897.JPEG,n03637318
val_3898.JPEG,n02233338
val_3899.JPEG,n02395406
val_3900.JPEG,n02977058
val_3901.JPEG,n02480495
val_3902.JPEG,n01443537
val_3903.JPEG,n02486410
val_3904.JPEG,n02977058
val_3905.JPEG,n01443537
val_3906.JPEG,n03637318
val_3907.JPEG,n02123394
val_3908.JPEG,n01770393
val_3909.JPEG,n01770393
val_3910.JPEG,n02058221
val_3911.JPEG,n04311004
val_3912.JPEG,n02480495
val_3913.JPEG,n02486410
val_3914.JPEG,n04311004
val_3915.JPEG,n02963159
val_3916.JPEG,n02233338
val_3917.JPEG,n02486410
val_3918.JPEG,n02395406
val_3919.JPEG,n02486410
val_3920.JPEG,n01443537
val_3921.JPEG,n04311004
val_3922.JPEG,n01774384
val_3923.JPEG,n03980874
val_3924.JPEG,n01770393
val_3925.JPEG,n03179701
val_3926.JPEG,n03763968
val_3927.JPEG,n03763968
val_3928.JPEG,n03763968
val_3929.JPEG,n07873807
val_3930.JPEG,n02395406
val_3931.JPEG,n01443537
val_3932.JPEG,n02963159
val_3933.JPEG,n02802426
val_3934.JPEG,n02123394
val_3935.JPEG,n03763968
val_3936.JPEG,n02395406
val_3937.JPEG,n02123394
val_3938.JPEG,n03179701
val_3939.JPEG,n02123394
val_3940.JPEG,n03179701
val_3941.JPEG,n04311004
val_3942.JPEG,n02233338
val_3943.JPEG,n01770393
val_3944.JPEG,n02963159
val_3945.JPEG,n02963159
val_3946.JPEG,n03179701
val_3947.JPEG,n02058221
val_3948.JPEG,n02480495
val_3949.JPEG,n02480495
val_3950.JPEG,n02963159
val_3951.JPEG,n02802426
val_3952.JPEG,n03763968
val_3953.JPEG,n02058221
val_3954.JPEG,n01443537
val_3955.JPEG,n03179701
val_3956.JPEG,n02233338
val_3957.JPEG,n02233338
val_3958.JPEG,n02977058
val_3959.JPEG,n02977058
val_3960.JPEG,n03637318
val_3961.JPEG,n04562935
val_3962.JPEG,n02123394
val_3963.JPEG,n02058221
val_3964.JPEG,n02977058
val_3965.JPEG,n02123394
val_3966.JPEG,n02977058
val_3967.JPEG,n03179701
val_3968.JPEG,n02058221
val_3969.JPEG,n04311004
val_3970.JPEG,n04562935
val_3971.JPEG,n07873807
val_3972.JPEG,n02123394
val_3973.JPEG,n03763968
val_3974.JPEG,n04562935
val_3975.JPEG,n02486410
val_3976.JPEG,n02233338
val_3977.JPEG,n02977058
val_3978.JPEG,n02395406
val_3979.JPEG,n01443537
val_3980.JPEG,n02802426
val_3981.JPEG,n01443537
val_3982.JPEG,n01770393
val_3983.JPEG,n02977058
val_3984.JPEG,n03637318
val_3985.JPEG,n02802426
val_3986.JPEG,n02233338
val_3987.JPEG,n02233338
val_3988.JPEG,n02963159
val_3989.JPEG,n02977058
val_3990.JPEG,n02802426
val_3991.JPEG,n02977058
val_3992.JPEG,n02802426
val_3993.JPEG,n03179701
val_3994.JPEG,n01770393
val_3995.JPEG,n02802426
val_3996.JPEG,n02486410
val_3997.JPEG,n04311004
val_3998.JPEG,n01443537
val_3999.JPEG,n03763968
val_4000.JPEG,n01443537
val_4001.JPEG,n02480495
val_4002.JPEG,n02977058
val_4003.JPEG,n02233338
val_4004.JPEG,n01770393
val_4005.JPEG,n02977058
val_4006.JPEG,n02233338
val_4007.JPEG,n07873807
val_4008.JPEG,n01770393
val_4009.JPEG,n02504458
val_4010.JPEG,n04562935
val_4011.JPEG,n03980874
val_4012.JPEG,n02395406
val_4013.JPEG,n03763968
val_4014.JPEG,n02058221
val_4015.JPEG,n07873807
val_4016.JPEG,n03637318
val_4017.JPEG,n03763968
val_4018.JPEG,n02977058
val_4019.JPEG,n02395406
val_4020.JPEG,n02123394
val_4021.JPEG,n03179701
val_4022.JPEG,n03179701
val_4023.JPEG,n02963159
val_4024.JPEG,n07873807
val_4025.JPEG,n02977058
val_4026.JPEG,n03980874
val_4027.JPEG,n02123394
val_4028.JPEG,n01443537
val_4029.JPEG,n02504458
val_4030.JPEG,n04311004
val_4031.JPEG,n04311004
val_4032.JPEG,n03179701
val_4033.JPEG,n02395406
val_4034.JPEG,n02963159
val_4035.JPEG,n04562935
val_4036.JPEG,n01770393
val_4037.JPEG,n04562935
val_4038.JPEG,n02123394
val_4039.JPEG,n02977058
val_4040.JPEG,n03179701
val_4041.JPEG,n02977058
val_4042.JPEG,n04311004
val_4043.JPEG,n02977058
val_4044.JPEG,n03637318
val_4045.JPEG,n04562935
val_4046.JPEG,n03179701
val_4047.JPEG,n02963159
val_4048.JPEG,n01774384
val_4049.JPEG,n02395406
val_4050.JPEG,n02977058
val_4051.JPEG,n02963159
val_4052.JPEG,n02977058
val_4053.JPEG,n04311004
val_4054.JPEG,n03179701
val_4055.JPEG,n02963159
val_4056.JPEG,n01443537
val_4057.JPEG,n03179701
val_4058.JPEG,n02480495
val_4059.JPEG,n02233338
val_4060.JPEG,n01774384
val_4061.JPEG,n01443537
val_4062.JPEG,n03763968
val_4063.JPEG,n03763968
val_4064.JPEG,n02395406
val_4065.JPEG,n02486410
val_4066.JPEG,n02977058
val_4067.JPEG,n02123394
val_4068.JPEG,n03179701
val_4069.JPEG,n03179701
val_4070.JPEG,n02058221
val_4071.JPEG,n07873807
val_4072.JPEG,n02977058
val_4073.JPEG,n02802426
val_4074.JPEG,n02802426
val_4075.JPEG,n01443537
val_4076.JPEG,n03179701
val_4077.JPEG,n02233338
val_4078.JPEG,n02977058
val_4079.JPEG,n01774384
val_4080.JPEG,n02802426
val_4081.JPEG,n02395406
val_4082.JPEG,n03763968
val_4083.JPEG,n02977058
val_4084.JPEG,n02963159
val_4085.JPEG,n02977058
val_4086.JPEG,n04562935
val_4087.JPEG,n03179701
val_4088.JPEG,n01443537
val_4089.JPEG,n01774384
val_4090.JPEG,n03179701
val_4091.JPEG,n02058221
val_4092.JPEG,n03980874
val_4093.JPEG,n02977058
val_4094.JPEG,n04311004
val_4095.JPEG,n02123394
val_4096.JPEG,n01770393
val_4097.JPEG,n03763968
val_4098.JPEG,n02233338
val_4099.JPEG,n02977058
val_4100.JPEG,n03179701
val_4101.JPEG,n02802426
val_4102.JPEG,n02963159
val_4103.JPEG,n02504458
val_4104.JPEG,n03637318
val_4105.JPEG,n02504458
val_4106.JPEG,n02802426
val_4107.JPEG,n02233338
val_4108.JPEG,n03179701
val_4109.JPEG,n02058221
val_4110.JPEG,n02123394
val_4111.JPEG,n07873807
val_4112.JPEG,n03637318
val_4113.JPEG,n01443537
val_4114.JPEG,n04562935
val_4115.JPEG,n02395406
val_4116.JPEG,n02963159
val_4117.JPEG,n07873807
val_4118.JPEG,n03637318
val_4119.JPEG,n02233338
val_4120.JPEG,n02395406
val_4121.JPEG,n02977058
val_4122.JPEG,n04311004
val_4123.JPEG,n02802426
val_4124.JPEG,n02977058
val_4125.JPEG,n03637318
val_4126.JPEG,n02480495
val_4127.JPEG,n02977058
val_4128.JPEG,n02233338
val_4129.JPEG,n02963159
val_4130.JPEG,n02802426
val_4131.JPEG,n02802426
val_4132.JPEG,n04562935
val_4133.JPEG,n03179701
val_4134.JPEG,n03179701
val_4135.JPEG,n07873807
val_4136.JPEG,n02480495
val_4137.JPEG,n07873807
val_4138.JPEG,n02977058
val_4139.JPEG,n02395406
val_4140.JPEG,n01770393
val_4141.JPEG,n07873807
val_4142.JPEG,n03179701
val_4143.JPEG,n02233338
val_4144.JPEG,n02480495
val_4145.JPEG,n04562935
val_4146.JPEG,n02395406
val_4147.JPEG,n01770393
val_4148.JPEG,n07873807
val_4149.JPEG,n02395406
val_4150.JPEG,n02963159
val_4151.JPEG,n04311004
val_4152.JPEG,n02802426
val_4153.JPEG,n01443537
val_4154.JPEG,n01443537
val_4155.JPEG,n02480495
val_4156.JPEG,n03637318
val_4157.JPEG,n03980874
val_4158.JPEG,n01443537
val_4159.JPEG,n01770393
val_4160.JPEG,n02058221
val_4161.JPEG,n07873807
val_4162.JPEG,n01443537
val_4163.JPEG,n02233338
val_4164.JPEG,n07873807
val_4165.JPEG,n03179701
val_4166.JPEG,n02123394
val_4167.JPEG,n02802426
val_4168.JPEG,n03179701
val_4169.JPEG,n03179701
val_4170.JPEG,n02123394
val_4171.JPEG,n03637318
val_4172.JPEG,n02977058
val_4173.JPEG,n02395406
val_4174.JPEG,n02123394
val_4175.JPEG,n02977058
val_4176.JPEG,n04311004
val_4177.JPEG,n03179701
val_4178.JPEG,n02233338
val_4179.JPEG,n07873807
val_4180.JPEG,n03980874
val_4181.JPEG,n02480495
val_4182.JPEG,n02233338
val_4183.JPEG,n01774384
val_4184.JPEG,n02977058
val_4185.JPEG,n02233338
val_4186.JPEG,n03763968
val_4187.JPEG,n04562935
val_4188.JPEG,n02233338
val_4189.JPEG,n04311004
val_4190.JPEG,n03763968
val_4191.JPEG,n02058221
val_4192.JPEG,n02233338
val_4193.JPEG,n03763968
val_4194.JPEG,n02977058
val_4195.JPEG,n03763968
val_4196.JPEG,n03637318
val_4197.JPEG,n02233338
val_4198.JPEG,n04562935
val_4199.JPEG,n02123394
val_4200.JPEG,n04311004
val_4201.JPEG,n02233338
val_4202.JPEG,n02233338
val_4203.JPEG,n01443537
val_4204.JPEG,n02802426
val_4205.JPEG,n03763968
val_4206.JPEG,n01774384
val_4207.JPEG,n02233338
val_4208.JPEG,n02480495
val_4209.JPEG,n02486410
val_4210.JPEG,n02123394
val_4211.JPEG,n01443537
val_4212.JPEG,n02233338
val_4213.JPEG,n02802426
val_4214.JPEG,n02977058
val_4215.JPEG,n02123394
val_4216.JPEG,n01443537
val_4217.JPEG,n02480495
val_4218.JPEG,n02123394
val_4219.JPEG,n01770393
val_4220.JPEG,n03637318
val_4221.JPEG,n03179701
val_4222.JPEG,n03179701
val_4223.JPEG,n02123394
val_4224.JPEG,n02058221
val_4225.JPEG,n01443537
val_4226.JPEG,n02480495
val_4227.JPEG,n02802426
val_4228.JPEG,n03637318
val_4229.JPEG,n02802426
val_4230.JPEG,n03763968
val_4231.JPEG,n02480495
val_4232.JPEG,n02802426
val_4233.JPEG,n04562935
val_4234.JPEG,n02504458
val_4235.JPEG,n02395406
val_4236.JPEG,n03179701
val_4237.JPEG,n02977058
val_4238.JPEG,n03763968
val_4239.JPEG,n02233338
val_4240.JPEG,n02480495
val_4241.JPEG,n01770393
val_4242.JPEG,n04311004
val_4243.JPEG,n02233338
val_4244.JPEG,n01770393
val_4245.JPEG,n02123394
val_4246.JPEG,n03179701
val_4247.JPEG,n02486410
val_4248.JPEG,n07873807
val_4249.JPEG,n02395406
val_4250.JPEG,n02395406
val_4251.JPEG,n02123394
val_4252.JPEG,n07873807
val_4253.JPEG,n02233338
val_4254.JPEG,n01770393
val_4255.JPEG,n02058221
val_4256.JPEG,n02504458
val_4257.JPEG,n02395406
val_4258.JPEG,n02963159
val_4259.JPEG,n03179701
val_4260.JPEG,n02977058
val_4261.JPEG,n02480495
val_4262.JPEG,n02480495
val_4263.JPEG,n04562935
val_4264.JPEG,n02486410
val_4265.JPEG,n02233338
val_4266.JPEG,n04311004
val_4267.JPEG,n02233338
val_4268.JPEG,n02977058
val_4269.JPEG,n02802426
val_4270.JPEG,n02233338
val_4271.JPEG,n02123394
val_4272.JPEG,n04562935
val_4273.JPEG,n02977058
val_4274.JPEG,n02977058
val_4275.JPEG,n02977058
val_4276.JPEG,n02977058
val_4277.JPEG,n02802426
val_4278.JPEG,n03980874
val_4279.JPEG,n03179701
val_4280.JPEG,n04311004
val_4281.JPEG,n03763968
val_4282.JPEG,n02963159
val_4283.JPEG,n04562935
val_4284.JPEG,n02395406
val_4285.JPEG,n03179701
val_4286.JPEG,n02480495
val_4287.JPEG,n02123394
val_4288.JPEG,n02977058
val_4289.JPEG,n01770393
val_4290.JPEG,n02058221
val_4291.JPEG,n02504458
val_4292.JPEG,n02233338
val_4293.JPEG,n02058221
val_4294.JPEG,n02123394
val_4295.JPEG,n02123394
val_4296.JPEG,n03637318
val_4297.JPEG,n02977058
val_4298.JPEG,n02395406
val_4299.JPEG,n03980874
val_4300.JPEG,n02504458
val_4301.JPEG,n03763968
val_4302.JPEG,n04562935
val_4303.JPEG,n03637318
val_4304.JPEG,n03637318
val_4305.JPEG,n03179701
val_4306.JPEG,n03980874
val_4307.JPEG,n02963159
val_4308.JPEG,n02504458
val_4309.JPEG,n03179701
val_4310.JPEG,n01770393
val_4311.JPEG,n02802426
val_4312.JPEG,n02123394
val_4313.JPEG,n07873807
val_4314.JPEG,n01443537
val_4315.JPEG,n02977058
val_4316.JPEG,n02977058
val_4317.JPEG,n02486410
val_4318.JPEG,n02802426
val_4319.JPEG,n02802426
val_4320.JPEG,n02802426
val_4321.JPEG,n02480495
val_4322.JPEG,n02504458
val_4323.JPEG,n02504458
val_4324.JPEG,n02977058
val_4325.JPEG,n02123394
val_4326.JPEG,n02486410
val_4327.JPEG,n02977058
val_4328.JPEG,n02977058
val_4329.JPEG,n02802426
val_4330.JPEG,n02480495
val_4331.JPEG,n02233338
val_4332.JPEG,n04311004
val_4333.JPEG,n01443537
val_4334.JPEG,n02233338
val_4335.JPEG,n02977058
val_4336.JPEG,n04562935
val_4337.JPEG,n03637318
val_4338.JPEG,n02480495
val_4339.JPEG,n07873807
val_4340.JPEG,n02233338
val_4341.JPEG,n02058221
val_4342.JPEG,n02123394
val_4343.JPEG,n02480495
val_4344.JPEG,n03637318
val_4345.JPEG,n04562935
val_4346.JPEG,n02977058
val_4347.JPEG,n02233338
val_4348.JPEG,n03179701
val_4349.JPEG,n02233338
val_4350.JPEG,n02480495
val_4351.JPEG,n02395406
val_4352.JPEG,n02395406
val_4353.JPEG,n02233338
val_4354.JPEG,n03980874
val_4355.JPEG,n02977058
val_4356.JPEG,n01770393
val_4357.JPEG,n01443537
val_4358.JPEG,n01443537
val_4359.JPEG,n02123394
val_4360.JPEG,n03637318
val_4361.JPEG,n02480495
val_4362.JPEG,n03179701
val_4363.JPEG,n03637318
val_4364.JPEG,n02058221
val_4365.JPEG,n03763968
val_4366.JPEG,n02977058
val_4367.JPEG,n01770393
val_4368.JPEG,n02395406
val_4369.JPEG,n02480495
val_4370.JPEG,n03637318
val_4371.JPEG,n03179701
val_4372.JPEG,n02480495
val_4373.JPEG,n02977058
val_4374.JPEG,n02233338
val_4375.JPEG,n02123394
val_4376.JPEG,n04562935
val_4377.JPEG,n03637318
val_4378.JPEG,n02802426
val_4379.JPEG,n03763968
val_4380.JPEG,n02802426
val_4381.JPEG,n02963159
val_4382.JPEG,n04311004
val_4383.JPEG,n02480495
val_4384.JPEG,n01443537
val_4385.JPEG,n01443537
val_4386.JPEG,n01443537
val_4387.JPEG,n02233338
val_4388.JPEG,n03763968
val_4389.JPEG,n02233338
val_4390.JPEG,n03980874
val_4391.JPEG,n01774384
val_4392.JPEG,n02977058
val_4393.JPEG,n02802426
val_4394.JPEG,n02963159
val_4395.JPEG,n01443537
val_4396.JPEG,n02802426
val_4397.JPEG,n03179701
val_4398.JPEG,n02123394
val_4399.JPEG,n02977058
val_4400.JPEG,n02977058
val_4401.JPEG,n03637318
val_4402.JPEG,n02395406
val_4403.JPEG,n03179701
val_4404.JPEG,n02395406
val_4405.JPEG,n02480495
val_4406.JPEG,n07873807
val_4407.JPEG,n02977058
val_4408.JPEG,n02058221
val_4409.JPEG,n03637318
val_4410.JPEG,n03179701
val_4411.JPEG,n02802426
val_4412.JPEG,n03980874
val_4413.JPEG,n01443537
val_4414.JPEG,n02480495
val_4415.JPEG,n02977058
val_4416.JPEG,n04311004
val_4417.JPEG,n02977058
val_4418.JPEG,n02486410
val_4419.JPEG,n01770393
val_4420.JPEG,n02504458
val_4421.JPEG,n07873807
val_4422.JPEG,n03179701
val_4423.JPEG,n02395406
val_4424.JPEG,n03179701
val_4425.JPEG,n02963159
val_4426.JPEG,n02486410
val_4427.JPEG,n02977058
val_4428.JPEG,n04311004
val_4429.JPEG,n02395406
val_4430.JPEG,n02480495
val_4431.JPEG,n02977058
val_4432.JPEG,n02233338
val_4433.JPEG,n02963159
val_4434.JPEG,n02395406
val_4435.JPEG,n02977058
val_4436.JPEG,n02233338
val_4437.JPEG,n04562935
val_4438.JPEG,n02395406
val_4439.JPEG,n02977058
val_4440.JPEG,n02977058
val_4441.JPEG,n02977058
val_4442.JPEG,n03980874
val_4443.JPEG,n01770393
val_4444.JPEG,n02802426
val_4445.JPEG,n03763968
val_4446.JPEG,n03179701
val_4447.JPEG,n02486410
val_4448.JPEG,n02977058
val_4449.JPEG,n03763968
val_4450.JPEG,n02480495
val_4451.JPEG,n02963159
val_4452.JPEG,n02504458
val_4453.JPEG,n02058221
val_4454.JPEG,n02058221
val_4455.JPEG,n01443537
val_4456.JPEG,n02395406
val_4457.JPEG,n02802426
val_4458.JPEG,n02123394
val_4459.JPEG,n01770393
val_4460.JPEG,n02480495
val_4461.JPEG,n02802426
val_4462.JPEG,n02504458
val_4463.JPEG,n02395406
val_4464.JPEG,n02486410
val_4465.JPEG,n01443537
val_4466.JPEG,n02058221
val_4467.JPEG,n03179701
val_4468.JPEG,n02395406
val_4469.JPEG,n02486410
val_4470.JPEG,n01443537
val_4471.JPEG,n04311004
val_4472.JPEG,n02123394
val_4473.JPEG,n02802426
val_4474.JPEG,n02504458
val_4475.JPEG,n02977058
val_4476.JPEG,n01774384
val_4477.JPEG,n01774384
val_4478.JPEG,n02233338
val_4479.JPEG,n02058221
val_4480.JPEG,n07873807
val_4481.JPEG,n02802426
val_4482.JPEG,n01770393
val_4483.JPEG,n02963159
val_4484.JPEG,n07873807
val_4485.JPEG,n03179701
val_4486.JPEG,n03179701
val_4487.JPEG,n02963159
val_4488.JPEG,n01443537
val_4489.JPEG,n03179701
val_4490.JPEG,n02395406
val_4491.JPEG,n07873807
val_4492.JPEG,n01443537
val_4493.JPEG,n01774384
val_4494.JPEG,n03637318
val_4495.JPEG,n02123394
val_4496.JPEG,n02058221
val_4497.JPEG,n07873807
val_4498.JPEG,n02963159
val_4499.JPEG,n04562935
val_4500.JPEG,n02486410
val_4501.JPEG,n03637318
val_4502.JPEG,n02977058
val_4503.JPEG,n03980874
val_4504.JPEG,n02123394
val_4505.JPEG,n01770393
val_4506.JPEG,n02963159
val_4507.JPEG,n01770393
val_4508.JPEG,n02123394
val_4509.JPEG,n02486410
val_4510.JPEG,n03179701
val_4511.JPEG,n02395406
val_4512.JPEG,n02977058
val_4513.JPEG,n03179701
val_4514.JPEG,n01443537
val_4515.JPEG,n02802426
val_4516.JPEG,n02480495
val_4517.JPEG,n02233338
val_4518.JPEG,n02395406
val_4519.JPEG,n03763968
val_4520.JPEG,n04562935
val_4521.JPEG,n03637318
val_4522.JPEG,n07873807
val_4523.JPEG,n02977058
val_4524.JPEG,n02233338
val_4525.JPEG,n02480495
val_4526.JPEG,n03179701
val_4527.JPEG,n02058221
val_4528.JPEG,n02802426
val_4529.JPEG,n02802426
val_4530.JPEG,n02233338
val_4531.JPEG,n02233338
val_4532.JPEG,n03179701
val_4533.JPEG,n02963159
val_4534.JPEG,n03637318
val_4535.JPEG,n01774384
val_4536.JPEG,n02395406
val_4537.JPEG,n01774384
val_4538.JPEG,n02233338
val_4539.JPEG,n03179701
val_4540.JPEG,n02486410
val_4541.JPEG,n01443537
val_4542.JPEG,n07873807
val_4543.JPEG,n02395406
val_4544.JPEG,n03179701
val_4545.JPEG,n02963159
val_4546.JPEG,n04562935
val_4547.JPEG,n01774384
val_4548.JPEG,n02058221
val_4549.JPEG,n03637318
val_4550.JPEG,n02486410
val_4551.JPEG,n02486410
val_4552.JPEG,n04311004
val_4553.JPEG,n01443537
val_4554.JPEG,n04562935
val_4555.JPEG,n02977058
val_4556.JPEG,n01443537
val_4557.JPEG,n02977058
val_4558.JPEG,n01443537
val_4559.JPEG,n02123394
val_4560.JPEG,n02123394
val_4561.JPEG,n03637318
val_4562.JPEG,n02123394
val_4563.JPEG,n02123394
val_4564.JPEG,n03980874
val_4565.JPEG,n04311004
val_4566.JPEG,n02486410
val_4567.JPEG,n01443537
val_4568.JPEG,n02977058
val_4569.JPEG,n02395406
val_4570.JPEG,n03637318
val_4571.JPEG,n02233338
val_4572.JPEG,n02058221
val_4573.JPEG,n02963159
val_4574.JPEG,n04311004
val_4575.JPEG,n01443537
val_4576.JPEG,n03763968
val_4577.JPEG,n02802426
val_4578.JPEG,n03179701
val_4579.JPEG,n04562935
val_4580.JPEG,n01443537
val_4581.JPEG,n03179701
val_4582.JPEG,n01443537
val_4583.JPEG,n01443537
val_4584.JPEG,n03179701
val_4585.JPEG,n02233338
val_4586.JPEG,n02480495
val_4587.JPEG,n02480495
val_4588.JPEG,n02395406
val_4589.JPEG,n02977058
val_4590.JPEG,n02486410
val_4591.JPEG,n01443537
val_4592.JPEG,n03637318
val_4593.JPEG,n02977058
val_4594.JPEG,n02123394
val_4595.JPEG,n02977058
val_4596.JPEG,n01443537
val_4597.JPEG,n03637318
val_4598.JPEG,n02233338
val_4599.JPEG,n02486410
val_4600.JPEG,n01770393
val_4601.JPEG,n02058221
val_4602.JPEG,n02123394
val_4603.JPEG,n02233338
val_4604.JPEG,n01443537
val_4605.JPEG,n04311004
val_4606.JPEG,n02977058
val_4607.JPEG,n02233338
val_4608.JPEG,n04311004
val_4609.JPEG,n02802426
val_4610.JPEG,n02233338
val_4611.JPEG,n03637318
val_4612.JPEG,n02963159
val_4613.JPEG,n02977058
val_4614.JPEG,n02486410
val_4615.JPEG,n02480495
val_4616.JPEG,n03637318
val_4617.JPEG,n03179701
val_4618.JPEG,n02233338
val_4619.JPEG,n03179701
val_4620.JPEG,n02486410
val_4621.JPEG,n03179701
val_4622.JPEG,n01770393
val_4623.JPEG,n01774384
val_4624.JPEG,n07873807
val_4625.JPEG,n02233338
val_4626.JPEG,n02486410
val_4627.JPEG,n02802426
val_4628.JPEG,n02395406
val_4629.JPEG,n02504458
val_4630.JPEG,n01770393
val_4631.JPEG,n02486410
val_4632.JPEG,n03763968
val_4633.JPEG,n02395406
val_4634.JPEG,n02233338
val_4635.JPEG,n02058221
val_4636.JPEG,n04311004
val_4637.JPEG,n02963159
val_4638.JPEG,n01770393
val_4639.JPEG,n02123394
val_4640.JPEG,n02977058
val_4641.JPEG,n03179701
val_4642.JPEG,n01774384
val_4643.JPEG,n04311004
val_4644.JPEG,n01443537
val_4645.JPEG,n02802426
val_4646.JPEG,n02486410
val_4647.JPEG,n02504458
val_4648.JPEG,n03637318
val_4649.JPEG,n02977058
val_4650.JPEG,n02480495
val_4651.JPEG,n02395406
val_4652.JPEG,n02486410
val_4653.JPEG,n01443537
val_4654.JPEG,n03179701
val_4655.JPEG,n02802426
val_4656.JPEG,n02123394
val_4657.JPEG,n07873807
val_4658.JPEG,n02123394
val_4659.JPEG,n02486410
val_4660.JPEG,n02480495
val_4661.JPEG,n03763968
val_4662.JPEG,n02058221
val_4663.JPEG,n02802426
val_4664.JPEG,n07873807
val_4665.JPEG,n01443537
val_4666.JPEG,n02480495
val_4667.JPEG,n03763968
val_4668.JPEG,n01770393
val_4669.JPEG,n03763968
val_4670.JPEG,n01770393
val_4671.JPEG,n01770393
val_4672.JPEG,n04311004
val_4673.JPEG,n04562935
val_4674.JPEG,n02802426
val_4675.JPEG,n02977058
val_4676.JPEG,n01770393
val_4677.JPEG,n02123394
val_4678.JPEG,n02977058
val_4679.JPEG,n03637318
val_4680.JPEG,n03637318
val_4681.JPEG,n02963159
val_4682.JPEG,n03179701
val_4683.JPEG,n02963159
val_4684.JPEG,n02123394
val_4685.JPEG,n02977058
val_4686.JPEG,n02977058
val_4687.JPEG,n03763968
val_4688.JPEG,n03179701
val_4689.JPEG,n01443537
val_4690.JPEG,n02233338
val_4691.JPEG,n02233338
val_4692.JPEG,n02480495
val_4693.JPEG,n02233338
val_4694.JPEG,n02233338
val_4695.JPEG,n02486410
val_4696.JPEG,n07873807
val_4697.JPEG,n02123394
val_4698.JPEG,n01443537
val_4699.JPEG,n02058221
val_4700.JPEG,n03763968
val_4701.JPEG,n04311004
val_4702.JPEG,n03637318
val_4703.JPEG,n02977058
val_4704.JPEG,n03637318
val_4705.JPEG,n04562935
val_4706.JPEG,n03179701
val_4707.JPEG,n02486410
val_4708.JPEG,n03763968
val_4709.JPEG,n02802426
val_4710.JPEG,n03980874
val_4711.JPEG,n03179701
val_4712.JPEG,n01774384
val_4713.JPEG,n02058221
val_4714.JPEG,n02977058
val_4715.JPEG,n01443537
val_4716.JPEG,n01443537
val_4717.JPEG,n02802426
val_4718.JPEG,n03980874
val_4719.JPEG,n02486410
val_4720.JPEG,n02977058
val_4721.JPEG,n04562935
val_4722.JPEG,n02977058
val_4723.JPEG,n02395406
val_4724.JPEG,n03637318
val_4725.JPEG,n01770393
val_4726.JPEG,n03179701
val_4727.JPEG,n01443537
val_4728.JPEG,n02977058
val_4729.JPEG,n02963159
val_4730.JPEG,n02504458
val_4731.JPEG,n04562935
val_4732.JPEG,n02977058
val_4733.JPEG,n02395406
val_4734.JPEG,n01770393
val_4735.JPEG,n02395406
val_4736.JPEG,n02395406
val_4737.JPEG,n03637318
val_4738.JPEG,n03179701
val_4739.JPEG,n04311004
val_4740.JPEG,n07873807
val_4741.JPEG,n04311004
val_4742.JPEG,n03763968
val_4743.JPEG,n02233338
val_4744.JPEG,n02480495
val_4745.JPEG,n02486410
val_4746.JPEG,n02486410
val_4747.JPEG,n03179701
val_4748.JPEG,n02233338
val_4749.JPEG,n02802426
val_4750.JPEG,n02058221
val_4751.JPEG,n02486410
val_4752.JPEG,n02977058
val_4753.JPEG,n03179701
val_4754.JPEG,n03637318
val_4755.JPEG,n02963159
val_4756.JPEG,n01770393
val_4757.JPEG,n02395406
val_4758.JPEG,n02963159
val_4759.JPEG,n02123394
val_4760.JPEG,n01443537
val_4761.JPEG,n02802426
val_4762.JPEG,n02480495
val_4763.JPEG,n02233338
val_4764.JPEG,n02123394
val_4765.JPEG,n01774384
val_4766.JPEG,n01770393
val_4767.JPEG,n02963159
val_4768.JPEG,n03179701
val_4769.JPEG,n01443537
val_4770.JPEG,n03179701
val_4771.JPEG,n03179701
val_4772.JPEG,n02977058
val_4773.JPEG,n02395406
val_4774.JPEG,n01770393
val_4775.JPEG,n03179701
val_4776.JPEG,n03179701
val_4777.JPEG,n01443537
val_4778.JPEG,n03179701
val_4779.JPEG,n02802426
val_4780.JPEG,n02233338
val_4781.JPEG,n02480495
val_4782.JPEG,n02233338
val_4783.JPEG,n02977058
val_4784.JPEG,n01770393
val_4785.JPEG,n01770393
val_4786.JPEG,n01770393
val_4787.JPEG,n02963159
val_4788.JPEG,n02395406
val_4789.JPEG,n02977058
val_4790.JPEG,n02480495
val_4791.JPEG,n07873807
val_4792.JPEG,n02963159
val_4793.JPEG,n02977058
val_4794.JPEG,n02480495
val_4795.JPEG,n04562935
val_4796.JPEG,n01770393
val_4797.JPEG,n01443537
val_4798.JPEG,n02504458
val_4799.JPEG,n02977058
val_4800.JPEG,n02395406
val_4801.JPEG,n07873807
val_4802.JPEG,n02480495
val_4803.JPEG,n01443537
val_4804.JPEG,n02802426
val_4805.JPEG,n01770393
val_4806.JPEG,n02977058
val_4807.JPEG,n02486410
val_4808.JPEG,n02480495
val_4809.JPEG,n02233338
val_4810.JPEG,n02977058
val_4811.JPEG,n07873807
val_4812.JPEG,n02977058
val_4813.JPEG,n03637318
val_4814.JPEG,n01774384
val_4815.JPEG,n01774384
val_4816.JPEG,n07873807
val_4817.JPEG,n03179701
val_4818.JPEG,n02480495
val_4819.JPEG,n01443537
val_4820.JPEG,n01770393
val_4821.JPEG,n02123394
val_4822.JPEG,n02233338
val_4823.JPEG,n02123394
val_4824.JPEG,n02395406
val_4825.JPEG,n02395406
val_4826.JPEG,n03179701
val_4827.JPEG,n01770393
val_4828.JPEG,n02802426
val_4829.JPEG,n02486410
val_4830.JPEG,n04311004
val_4831.JPEG,n01770393
val_4832.JPEG,n02977058
val_4833.JPEG,n02123394
val_4834.JPEG,n02480495
val_4835.JPEG,n02802426
val_4836.JPEG,n02802426
val_4837.JPEG,n03980874
val_4838.JPEG,n03980874
val_4839.JPEG,n03179701
val_4840.JPEG,n02977058
val_4841.JPEG,n02802426
val_4842.JPEG,n02802426
val_4843.JPEG,n02480495
val_4844.JPEG,n01443537
val_4845.JPEG,n02058221
val_4846.JPEG,n02480495
val_4847.JPEG,n01770393
val_4848.JPEG,n02802426
val_4849.JPEG,n03980874
val_4850.JPEG,n02058221
val_4851.JPEG,n03980874
val_4852.JPEG,n07873807
val_4853.JPEG,n02977058
val_4854.JPEG,n02977058
val_4855.JPEG,n02963159
val_4856.JPEG,n03179701
val_4857.JPEG,n02480495
val_4858.JPEG,n02802426
val_4859.JPEG,n02123394
val_4860.JPEG,n01770393
val_4861.JPEG,n03179701
val_4862.JPEG,n02058221
val_4863.JPEG,n01770393
val_4864.JPEG,n02233338
val_4865.JPEG,n02802426
val_4866.JPEG,n02233338
val_4867.JPEG,n03763968
val_4868.JPEG,n02123394
val_4869.JPEG,n02963159
val_4870.JPEG,n03980874
val_4871.JPEG,n01774384
val_4872.JPEG,n03179701
val_4873.JPEG,n03763968
val_4874.JPEG,n02977058
val_4875.JPEG,n02802426
val_4876.JPEG,n01443537
val_4877.JPEG,n02486410
val_4878.JPEG,n03179701
val_4879.JPEG,n02123394
val_4880.JPEG,n01770393
val_4881.JPEG,n02480495
val_4882.JPEG,n04311004
val_4883.JPEG,n02977058
val_4884.JPEG,n02802426
val_4885.JPEG,n02486410
val_4886.JPEG,n02977058
val_4887.JPEG,n03763968
val_4888.JPEG,n01443537
val_4889.JPEG,n02802426
val_4890.JPEG,n02395406
val_4891.JPEG,n03980874
val_4892.JPEG,n02977058
val_4893.JPEG,n04562935
val_4894.JPEG,n03179701
val_4895.JPEG,n02977058
val_4896.JPEG,n01443537
val_4897.JPEG,n03763968
val_4898.JPEG,n02058221
val_4899.JPEG,n02802426
val_4900.JPEG,n02977058
val_4901.JPEG,n02480495
val_4902.JPEG,n02486410
val_4903.JPEG,n02802426
val_4904.JPEG,n03179701
val_4905.JPEG,n02977058
val_4906.JPEG,n03637318
val_4907.JPEG,n02058221
val_4908.JPEG,n02977058
val_4909.JPEG,n01770393
val_4910.JPEG,n03980874
val_4911.JPEG,n02977058
val_4912.JPEG,n04311004
val_4913.JPEG,n02480495
val_4914.JPEG,n02977058
val_4915.JPEG,n02977058
val_4916.JPEG,n03179701
val_4917.JPEG,n04562935
val_4918.JPEG,n02395406
val_4919.JPEG,n02977058
val_4920.JPEG,n07873807
val_4921.JPEG,n03179701
val_4922.JPEG,n03763968
val_4923.JPEG,n03763968
val_4924.JPEG,n02233338
val_4925.JPEG,n02486410
val_4926.JPEG,n02977058
val_4927.JPEG,n02480495
val_4928.JPEG,n03763968
val_4929.JPEG,n02480495
val_4930.JPEG,n01770393
val_4931.JPEG,n03179701
val_4932.JPEG,n02802426
val_4933.JPEG,n02395406
val_4934.JPEG,n01774384
val_4935.JPEG,n01774384
val_4936.JPEG,n02123394
val_4937.JPEG,n02233338
val_4938.JPEG,n02233338
val_4939.JPEG,n02504458
val_4940.JPEG,n01770393
val_4941.JPEG,n07873807
val_4942.JPEG,n03763968
val_4943.JPEG,n02802426
val_4944.JPEG,n01770393
val_4945.JPEG,n02123394
val_4946.JPEG,n03763968
val_4947.JPEG,n01770393
val_4948.JPEG,n02058221
val_4949.JPEG,n02123394
val_4950.JPEG,n01774384
val_4951.JPEG,n02977058
val_4952.JPEG,n02480495
val_4953.JPEG,n03179701
val_4954.JPEG,n02802426
val_4955.JPEG,n02977058
val_4956.JPEG,n02963159
val_4957.JPEG,n02977058
val_4958.JPEG,n03763968
val_4959.JPEG,n02233338
val_4960.JPEG,n03179701
val_4961.JPEG,n02963159
val_4962.JPEG,n02395406
val_4963.JPEG,n02233338
val_4964.JPEG,n04311004
val_4965.JPEG,n02480495
val_4966.JPEG,n01443537
val_4967.JPEG,n03763968
val_4968.JPEG,n02486410
val_4969.JPEG,n02486410
val_4970.JPEG,n02963159
val_4971.JPEG,n02963159
val_4972.JPEG,n02480495
val_4973.JPEG,n02058221
val_4974.JPEG,n01770393
val_4975.JPEG,n02233338
val_4976.JPEG,n02963159
val_4977.JPEG,n03637318
val_4978.JPEG,n03179701
val_4979.JPEG,n02963159
val_4980.JPEG,n01770393
val_4981.JPEG,n03637318
val_4982.JPEG,n02977058
val_4983.JPEG,n02802426
val_4984.JPEG,n01443537
val_4985.JPEG,n03179701
val_4986.JPEG,n03980874
val_4987.JPEG,n02977058
val_4988.JPEG,n02802426
val_4989.JPEG,n02802426
val_4990.JPEG,n03637318
val_4991.JPEG,n02123394
val_4992.JPEG,n02977058
val_4993.JPEG,n03179701
val_4994.JPEG,n02802426
val_4995.JPEG,n07873807
val_4996.JPEG,n02395406
val_4997.JPEG,n02802426
val_4998.JPEG,n02233338
val_4999.JPEG,n03763968
val_5000.JPEG,n02058221
val_5001.JPEG,n04311004
val_5002.JPEG,n03763968
val_5003.JPEG,n02977058
val_5004.JPEG,n02395406
val_5005.JPEG,n02123394
val_5006.JPEG,n04311004
val_5007.JPEG,n02977058
val_5008.JPEG,n04562935
val_5009.JPEG,n02486410
val_5010.JPEG,n01443537
val_5011.JPEG,n03179701
val_5012.JPEG,n02123394
val_5013.JPEG,n03179701
val_5014.JPEG,n03980874
val_5015.JPEG,n02802426
val_5016.JPEG,n02123394
val_5017.JPEG,n02977058
val_5018.JPEG,n02977058
val_5019.JPEG,n02504458
val_5020.JPEG,n02123394
val_5021.JPEG,n04311004
val_5022.JPEG,n03179701
val_5023.JPEG,n02486410
val_5024.JPEG,n02977058
val_5025.JPEG,n03179701
val_5026.JPEG,n04311004
val_5027.JPEG,n02486410
val_5028.JPEG,n02977058
val_5029.JPEG,n01770393
val_5030.JPEG,n02977058
val_5031.JPEG,n07873807
val_5032.JPEG,n02233338
val_5033.JPEG,n02963159
val_5034.JPEG,n03637318
val_5035.JPEG,n02233338
val_5036.JPEG,n03637318
val_5037.JPEG,n02963159
val_5038.JPEG,n04311004
val_5039.JPEG,n01770393
val_5040.JPEG,n04311004
val_5041.JPEG,n04562935
val_5042.JPEG,n02123394
val_5043.JPEG,n02233338
val_5044.JPEG,n01443537
val_5045.JPEG,n02123394
val_5046.JPEG,n02233338
val_5047.JPEG,n04311004
val_5048.JPEG,n03763968
val_5049.JPEG,n02480495
val_5050.JPEG,n03980874
val_5051.JPEG,n02395406
val_5052.JPEG,n02480495
val_5053.JPEG,n02977058
val_5054.JPEG,n01774384
val_5055.JPEG,n02233338
val_5056.JPEG,n03637318
val_5057.JPEG,n03179701
val_5058.JPEG,n01774384
val_5059.JPEG,n02480495
val_5060.JPEG,n02977058
val_5061.JPEG,n02963159
val_5062.JPEG,n03179701
val_5063.JPEG,n01770393
val_5064.JPEG,n02395406
val_5065.JPEG,n02977058
val_5066.JPEG,n02058221
val_5067.JPEG,n01443537
val_5068.JPEG,n02480495
val_5069.JPEG,n02233338
val_5070.JPEG,n02486410
val_5071.JPEG,n03179701
val_5072.JPEG,n01770393
val_5073.JPEG,n02480495
val_5074.JPEG,n02233338
val_5075.JPEG,n02480495
val_5076.JPEG,n02486410
val_5077.JPEG,n03763968
val_5078.JPEG,n02977058
val_5079.JPEG,n04311004
val_5080.JPEG,n02123394
val_5081.JPEG,n02123394
val_5082.JPEG,n02233338
val_5083.JPEG,n04562935
val_5084.JPEG,n01770393
val_5085.JPEG,n02233338
val_5086.JPEG,n03980874
val_5087.JPEG,n03980874
val_5088.JPEG,n02977058
val_5089.JPEG,n01443537
val_5090.JPEG,n03179701
val_5091.JPEG,n02058221
val_5092.JPEG,n04562935
val_5093.JPEG,n02802426
val_5094.JPEG,n02977058
val_5095.JPEG,n03980874
val_5096.JPEG,n02233338
val_5097.JPEG,n02233338
val_5098.JPEG,n04562935
val_5099.JPEG,n02963159
val_5100.JPEG,n02977058
val_5101.JPEG,n02058221
val_5102.JPEG,n03763968
val_5103.JPEG,n07873807
val_5104.JPEG,n01774384
val_5105.JPEG,n02395406
val_5106.JPEG,n02802426
val_5107.JPEG,n01770393
val_5108.JPEG,n03179701
val_5109.JPEG,n02123394
val_5110.JPEG,n02395406
val_5111.JPEG,n02058221
val_5112.JPEG,n02395406
val_5113.JPEG,n02963159
val_5114.JPEG,n02123394
val_5115.JPEG,n02058221
val_5116.JPEG,n02977058
val_5117.JPEG,n03179701
val_5118.JPEG,n01770393
val_5119.JPEG,n03763968
val_5120.JPEG,n02504458
val_5121.JPEG,n02977058
val_5122.JPEG,n04311004
val_5123.JPEG,n01770393
val_5124.JPEG,n02963159
val_5125.JPEG,n01770393
val_5126.JPEG,n01443537
val_5127.JPEG,n02963159
val_5128.JPEG,n01770393
val_5129.JPEG,n03637318
val_5130.JPEG,n02977058
val_5131.JPEG,n04562935
val_5132.JPEG,n02977058
val_5133.JPEG,n02395406
val_5134.JPEG,n01770393
val_5135.JPEG,n02123394
val_5136.JPEG,n02504458
val_5137.JPEG,n02395406
val_5138.JPEG,n03179701
val_5139.JPEG,n01770393
val_5140.JPEG,n02233338
val_5141.JPEG,n02802426
val_5142.JPEG,n02480495
val_5143.JPEG,n02233338
val_5144.JPEG,n03179701
val_5145.JPEG,n02802426
val_5146.JPEG,n02977058
val_5147.JPEG,n02395406
val_5148.JPEG,n04311004
val_5149.JPEG,n03179701
val_5150.JPEG,n01770393
val_5151.JPEG,n02977058
val_5152.JPEG,n02486410
val_5153.JPEG,n02395406
val_5154.JPEG,n01443537
val_5155.JPEG,n02058221
val_5156.JPEG,n02395406
val_5157.JPEG,n02123394
val_5158.JPEG,n01443537
val_5159.JPEG,n02233338
val_5160.JPEG,n03179701
val_5161.JPEG,n03179701
val_5162.JPEG,n03179701
val_5163.JPEG,n03980874
val_5164.JPEG,n03763968
val_5165.JPEG,n01770393
val_5166.JPEG,n02977058
val_5167.JPEG,n02977058
val_5168.JPEG,n01770393
val_5169.JPEG,n01770393
val_5170.JPEG,n02802426
val_5171.JPEG,n03980874
val_5172.JPEG,n02395406
val_5173.JPEG,n02123394
val_5174.JPEG,n03980874
val_5175.JPEG,n03179701
val_5176.JPEG,n02233338
val_5177.JPEG,n03179701
val_5178.JPEG,n02977058
val_5179.JPEG,n02123394
val_5180.JPEG,n01770393
val_5181.JPEG,n03637318
val_5182.JPEG,n02486410
val_5183.JPEG,n01770393
val_5184.JPEG,n01770393
val_5185.JPEG,n02233338
val_5186.JPEG,n02123394
val_5187.JPEG,n01443537
val_5188.JPEG,n07873807
val_5189.JPEG,n02058221
val_5190.JPEG,n02977058
val_5191.JPEG,n01443537
val_5192.JPEG,n02480495
val_5193.JPEG,n02123394
val_5194.JPEG,n03179701
val_5195.JPEG,n02977058
val_5196.JPEG,n02123394
val_5197.JPEG,n02486410
val_5198.JPEG,n04311004
val_5199.JPEG,n01774384
val_5200.JPEG,n02395406
val_5201.JPEG,n03637318
val_5202.JPEG,n03763968
val_5203.JPEG,n02977058
val_5204.JPEG,n02802426
val_5205.JPEG,n02977058
val_5206.JPEG,n07873807
val_5207.JPEG,n02486410
val_5208.JPEG,n02977058
val_5209.JPEG,n01443537
val_5210.JPEG,n02480495
val_5211.JPEG,n02233338
val_5212.JPEG,n02963159
val_5213.JPEG,n01770393
val_5214.JPEG,n02123394
val_5215.JPEG,n03179701
val_5216.JPEG,n02963159
val_5217.JPEG,n03637318
val_5218.JPEG,n03179701
val_5219.JPEG,n01770393
val_5220.JPEG,n02058221
val_5221.JPEG,n02233338
val_5222.JPEG,n03763968
val_5223.JPEG,n03763968
val_5224.JPEG,n01770393
val_5225.JPEG,n02802426
val_5226.JPEG,n02963159
val_5227.JPEG,n04562935
val_5228.JPEG,n01443537
val_5229.JPEG,n02123394
val_5230.JPEG,n02977058
val_5231.JPEG,n01770393
val_5232.JPEG,n02123394
val_5233.JPEG,n02058221
val_5234.JPEG,n03179701
val_5235.JPEG,n02504458
val_5236.JPEG,n01443537
val_5237.JPEG,n02058221
val_5238.JPEG,n02977058
val_5239.JPEG,n02977058
val_5240.JPEG,n02802426
val_5241.JPEG,n02977058
val_5242.JPEG,n02963159
val_5243.JPEG,n04562935
val_5244.JPEG,n04311004
val_5245.JPEG,n01443537
val_5246.JPEG,n04311004
val_5247.JPEG,n03637318
val_5248.JPEG,n02963159
val_5249.JPEG,n04311004
val_5250.JPEG,n01770393
val_5251.JPEG,n01443537
val_5252.JPEG,n03637318
val_5253.JPEG,n02963159
val_5254.JPEG,n02977058
val_5255.JPEG,n03763968
val_5256.JPEG,n03179701
val_5257.JPEG,n02802426
val_5258.JPEG,n02395406
val_5259.JPEG,n02977058
val_5260.JPEG,n02486410
val_5261.JPEG,n03637318
val_5262.JPEG,n03763968
val_5263.JPEG,n02395406
val_5264.JPEG,n02395406
val_5265.JPEG,n02233338
val_5266.JPEG,n07873807
val_5267.JPEG,n02977058
val_5268.JPEG,n07873807
val_5269.JPEG,n04562935
val_5270.JPEG,n02480495
val_5271.JPEG,n02233338
val_5272.JPEG,n02058221
val_5273.JPEG,n02486410
val_5274.JPEG,n01770393
val_5275.JPEG,n02123394
val_5276.JPEG,n01770393
val_5277.JPEG,n02233338
val_5278.JPEG,n03980874
val_5279.JPEG,n02802426
val_5280.JPEG,n01443537
val_5281.JPEG,n01770393
val_5282.JPEG,n03763968
val_5283.JPEG,n04562935
val_5284.JPEG,n02486410
val_5285.JPEG,n03763968
val_5286.JPEG,n02802426
val_5287.JPEG,n03763968
val_5288.JPEG,n02977058
val_5289.JPEG,n02977058
val_5290.JPEG,n02963159
val_5291.JPEG,n03763968
val_5292.JPEG,n02977058
val_5293.JPEG,n03179701
val_5294.JPEG,n02058221
val_5295.JPEG,n02395406
val_5296.JPEG,n02977058
val_5297.JPEG,n04311004
val_5298.JPEG,n02963159
val_5299.JPEG,n02395406
val_5300.JPEG,n02977058
val_5301.JPEG,n02123394
val_5302.JPEG,n02480495
val_5303.JPEG,n03179701
val_5304.JPEG,n01443537
val_5305.JPEG,n07873807
val_5306.JPEG,n02486410
val_5307.JPEG,n07873807
val_5308.JPEG,n03637318
val_5309.JPEG,n03179701
val_5310.JPEG,n03637318
val_5311.JPEG,n03637318
val_5312.JPEG,n01770393
val_5313.JPEG,n07873807
val_5314.JPEG,n04562935
val_5315.JPEG,n04562935
val_5316.JPEG,n04311004
val_5317.JPEG,n02963159
val_5318.JPEG,n03980874
val_5319.JPEG,n02802426
val_5320.JPEG,n04562935
val_5321.JPEG,n02395406
val_5322.JPEG,n02486410
val_5323.JPEG,n02480495
val_5324.JPEG,n04562935
val_5325.JPEG,n02058221
val_5326.JPEG,n02504458
val_5327.JPEG,n02123394
val_5328.JPEG,n03637318
val_5329.JPEG,n01774384
val_5330.JPEG,n02977058
val_5331.JPEG,n03179701
val_5332.JPEG,n02802426
val_5333.JPEG,n07873807
val_5334.JPEG,n02977058
val_5335.JPEG,n02977058
val_5336.JPEG,n03179701
val_5337.JPEG,n02058221
val_5338.JPEG,n02058221
val_5339.JPEG,n02977058
val_5340.JPEG,n04562935
val_5341.JPEG,n04562935
val_5342.JPEG,n02480495
val_5343.JPEG,n02504458
val_5344.JPEG,n01770393
val_5345.JPEG,n02977058
val_5346.JPEG,n03763968
val_5347.JPEG,n02233338
val_5348.JPEG,n02123394
val_5349.JPEG,n02977058
val_5350.JPEG,n02963159
val_5351.JPEG,n02486410
val_5352.JPEG,n02233338
val_5353.JPEG,n02233338
val_5354.JPEG,n02977058
val_5355.JPEG,n02480495
val_5356.JPEG,n02395406
val_5357.JPEG,n04562935
val_5358.JPEG,n03763968
val_5359.JPEG,n02486410
val_5360.JPEG,n02233338
val_5361.JPEG,n03980874
val_5362.JPEG,n02963159
val_5363.JPEG,n02977058
val_5364.JPEG,n02977058
val_5365.JPEG,n04562935
val_5366.JPEG,n01443537
val_5367.JPEG,n02123394
val_5368.JPEG,n02395406
val_5369.JPEG,n01770393
val_5370.JPEG,n02963159
val_5371.JPEG,n03763968
val_5372.JPEG,n02233338
val_5373.JPEG,n02480495
val_5374.JPEG,n04311004
val_5375.JPEG,n04311004
val_5376.JPEG,n02977058
val_5377.JPEG,n02123394
val_5378.JPEG,n02977058
val_5379.JPEG,n04562935
val_5380.JPEG,n02233338
val_5381.JPEG,n02233338
val_5382.JPEG,n02123394
val_5383.JPEG,n04311004
val_5384.JPEG,n02233338
val_5385.JPEG,n02395406
val_5386.JPEG,n02123394
val_5387.JPEG,n02977058
val_5388.JPEG,n01774384
val_5389.JPEG,n02504458
val_5390.JPEG,n03763968
val_5391.JPEG,n01443537
val_5392.JPEG,n04311004
val_5393.JPEG,n04311004
val_5394.JPEG,n02963159
val_5395.JPEG,n02123394
val_5396.JPEG,n03179701
val_5397.JPEG,n02963159
val_5398.JPEG,n01770393
val_5399.JPEG,n02395406
val_5400.JPEG,n01443537
val_5401.JPEG,n01770393
val_5402.JPEG,n02486410
val_5403.JPEG,n02480495
val_5404.JPEG,n04311004
val_5405.JPEG,n07873807
val_5406.JPEG,n02058221
val_5407.JPEG,n02233338
val_5408.JPEG,n02395406
val_5409.JPEG,n02395406
val_5410.JPEG,n01770393
val_5411.JPEG,n02058221
val_5412.JPEG,n02977058
val_5413.JPEG,n02395406
val_5414.JPEG,n02486410
val_5415.JPEG,n04562935
val_5416.JPEG,n03763968
val_5417.JPEG,n02486410
val_5418.JPEG,n07873807
val_5419.JPEG,n02963159
val_5420.JPEG,n02977058
val_5421.JPEG,n02486410
val_5422.JPEG,n01443537
val_5423.JPEG,n02395406
val_5424.JPEG,n02058221
val_5425.JPEG,n02977058
val_5426.JPEG,n02233338
val_5427.JPEG,n01443537
val_5428.JPEG,n02395406
val_5429.JPEG,n04311004
val_5430.JPEG,n03179701
val_5431.JPEG,n02480495
val_5432.JPEG,n04311004
val_5433.JPEG,n02977058
val_5434.JPEG,n02123394
val_5435.JPEG,n07873807
val_5436.JPEG,n02977058
val_5437.JPEG,n02802426
val_5438.JPEG,n02395406
val_5439.JPEG,n02233338
val_5440.JPEG,n02486410
val_5441.JPEG,n03179701
val_5442.JPEG,n02977058
val_5443.JPEG,n04562935
val_5444.JPEG,n02395406
val_5445.JPEG,n02963159
val_5446.JPEG,n04562935
val_5447.JPEG,n03179701
val_5448.JPEG,n02486410
val_5449.JPEG,n03179701
val_5450.JPEG,n03179701
val_5451.JPEG,n03179701
val_5452.JPEG,n02395406
val_5453.JPEG,n02504458
val_5454.JPEG,n01443537
val_5455.JPEG,n02123394
val_5456.JPEG,n02123394
val_5457.JPEG,n04311004
val_5458.JPEG,n03179701
val_5459.JPEG,n03637318
val_5460.JPEG,n02963159
val_5461.JPEG,n04562935
val_5462.JPEG,n02977058
val_5463.JPEG,n02233338
val_5464.JPEG,n02395406
val_5465.JPEG,n07873807
val_5466.JPEG,n02486410
val_5467.JPEG,n02963159
val_5468.JPEG,n02963159
val_5469.JPEG,n02058221
val_5470.JPEG,n02963159
val_5471.JPEG,n04562935
val_5472.JPEG,n02977058
val_5473.JPEG,n02123394
val_5474.JPEG,n03763968
val_5475.JPEG,n02123394
val_5476.JPEG,n01443537
val_5477.JPEG,n01443537
val_5478.JPEG,n01770393
val_5479.JPEG,n01774384
val_5480.JPEG,n03179701
val_5481.JPEG,n02058221
val_5482.JPEG,n02233338
val_5483.JPEG,n03763968
val_5484.JPEG,n02233338
val_5485.JPEG,n02977058
val_5486.JPEG,n03179701
val_5487.JPEG,n01443537
val_5488.JPEG,n02058221
val_5489.JPEG,n02233338
val_5490.JPEG,n02977058
val_5491.JPEG,n02480495
val_5492.JPEG,n02802426
val_5493.JPEG,n04311004
val_5494.JPEG,n02233338
val_5495.JPEG,n03763968
val_5496.JPEG,n02963159
val_5497.JPEG,n07873807
val_5498.JPEG,n03179701
val_5499.JPEG,n02480495
val_5500.JPEG,n02977058
val_5501.JPEG,n03637318
val_5502.JPEG,n03980874
val_5503.JPEG,n03637318
val_5504.JPEG,n02123394
val_5505.JPEG,n02977058
val_5506.JPEG,n02963159
val_5507.JPEG,n02977058
val_5508.JPEG,n03763968
val_5509.JPEG,n01774384
val_5510.JPEG,n02486410
val_5511.JPEG,n02977058
val_5512.JPEG,n02802426
val_5513.JPEG,n04311004
val_5514.JPEG,n04562935
val_5515.JPEG,n04562935
val_5516.JPEG,n03637318
val_5517.JPEG,n03179701
val_5518.JPEG,n02058221
val_5519.JPEG,n01443537
val_5520.JPEG,n02486410
val_5521.JPEG,n02977058
val_5522.JPEG,n03637318
val_5523.JPEG,n01770393
val_5524.JPEG,n02123394
val_5525.JPEG,n02395406
val_5526.JPEG,n01443537
val_5527.JPEG,n02395406
val_5528.JPEG,n02395406
val_5529.JPEG,n02058221
val_5530.JPEG,n04562935
val_5531.JPEG,n02233338
val_5532.JPEG,n03980874
val_5533.JPEG,n01443537
val_5534.JPEG,n03763968
val_5535.JPEG,n01443537
val_5536.JPEG,n07873807
val_5537.JPEG,n01770393
val_5538.JPEG,n01443537
val_5539.JPEG,n03763968
val_5540.JPEG,n02058221
val_5541.JPEG,n01770393
val_5542.JPEG,n03980874
val_5543.JPEG,n02802426
val_5544.JPEG,n02963159
val_5545.JPEG,n04562935
val_5546.JPEG,n01443537
val_5547.JPEG,n07873807
val_5548.JPEG,n02977058
val_5549.JPEG,n02963159
val_5550.JPEG,n03179701
val_5551.JPEG,n02977058
val_5552.JPEG,n02058221
val_5553.JPEG,n03179701
val_5554.JPEG,n03179701
val_5555.JPEG,n02977058
val_5556.JPEG,n01770393
val_5557.JPEG,n02058221
val_5558.JPEG,n02977058
val_5559.JPEG,n03763968
val_5560.JPEG,n02123394
val_5561.JPEG,n02963159
val_5562.JPEG,n02480495
val_5563.JPEG,n02802426
val_5564.JPEG,n02395406
val_5565.JPEG,n07873807
val_5566.JPEG,n03980874
val_5567.JPEG,n01770393
val_5568.JPEG,n03980874
val_5569.JPEG,n03637318
val_5570.JPEG,n02977058
val_5571.JPEG,n03179701
val_5572.JPEG,n02233338
val_5573.JPEG,n07873807
val_5574.JPEG,n02977058
val_5575.JPEG,n02123394
val_5576.JPEG,n03637318
val_5577.JPEG,n02123394
val_5578.JPEG,n01443537
val_5579.JPEG,n02480495
val_5580.JPEG,n03980874
val_5581.JPEG,n03179701
val_5582.JPEG,n02504458
val_5583.JPEG,n01443537
val_5584.JPEG,n02480495
val_5585.JPEG,n02233338
val_5586.JPEG,n07873807
val_5587.JPEG,n01770393
val_5588.JPEG,n01443537
val_5589.JPEG,n03637318
val_5590.JPEG,n02233338
val_5591.JPEG,n02123394
val_5592.JPEG,n01770393
val_5593.JPEG,n02233338
val_5594.JPEG,n02977058
val_5595.JPEG,n01770393
val_5596.JPEG,n02123394
val_5597.JPEG,n02486410
val_5598.JPEG,n02233338
val_5599.JPEG,n03637318
val_5600.JPEG,n04311004
val_5601.JPEG,n02123394
val_5602.JPEG,n03637318
val_5603.JPEG,n02233338
val_5604.JPEG,n04562935
val_5605.JPEG,n02963159
val_5606.JPEG,n03179701
val_5607.JPEG,n02395406
val_5608.JPEG,n02802426
val_5609.JPEG,n02233338
val_5610.JPEG,n02977058
val_5611.JPEG,n02963159
val_5612.JPEG,n02395406
val_5613.JPEG,n02233338
val_5614.JPEG,n03179701
val_5615.JPEG,n02058221
val_5616.JPEG,n02977058
val_5617.JPEG,n02395406
val_5618.JPEG,n07873807
val_5619.JPEG,n04311004
val_5620.JPEG,n02802426
val_5621.JPEG,n01770393
val_5622.JPEG,n04562935
val_5623.JPEG,n03179701
val_5624.JPEG,n02504458
val_5625.JPEG,n02802426
val_5626.JPEG,n02977058
val_5627.JPEG,n01770393
val_5628.JPEG,n02486410
val_5629.JPEG,n07873807
val_5630.JPEG,n01443537
val_5631.JPEG,n02977058
val_5632.JPEG,n02123394
val_5633.JPEG,n01443537
val_5634.JPEG,n02486410
val_5635.JPEG,n02977058
val_5636.JPEG,n02802426
val_5637.JPEG,n04562935
val_5638.JPEG,n03980874
val_5639.JPEG,n02480495
val_5640.JPEG,n02977058
val_5641.JPEG,n04311004
val_5642.JPEG,n02977058
val_5643.JPEG,n02977058
val_5644.JPEG,n02123394
val_5645.JPEG,n02395406
val_5646.JPEG,n03763968
val_5647.JPEG,n03637318
val_5648.JPEG,n02233338
val_5649.JPEG,n04311004
val_5650.JPEG,n04562935
val_5651.JPEG,n03179701
val_5652.JPEG,n02480495
val_5653.JPEG,n02977058
val_5654.JPEG,n03763968
val_5655.JPEG,n02233338
val_5656.JPEG,n03179701
val_5657.JPEG,n01770393
val_5658.JPEG,n02802426
val_5659.JPEG,n02058221
val_5660.JPEG,n03179701
val_5661.JPEG,n01770393
val_5662.JPEG,n02802426
val_5663.JPEG,n02233338
val_5664.JPEG,n02123394
val_5665.JPEG,n02977058
val_5666.JPEG,n01443537
val_5667.JPEG,n03637318
val_5668.JPEG,n02504458
val_5669.JPEG,n07873807
val_5670.JPEG,n02486410
val_5671.JPEG,n02963159
val_5672.JPEG,n03980874
val_5673.JPEG,n02977058
val_5674.JPEG,n02486410
val_5675.JPEG,n02395406
val_5676.JPEG,n02977058
val_5677.JPEG,n02802426
val_5678.JPEG,n02504458
val_5679.JPEG,n03179701
val_5680.JPEG,n02802426
val_5681.JPEG,n03637318
val_5682.JPEG,n02123394
val_5683.JPEG,n02977058
val_5684.JPEG,n02977058
val_5685.JPEG,n03637318
val_5686.JPEG,n04311004
val_5687.JPEG,n03179701
val_5688.JPEG,n02802426
val_5689.JPEG,n02480495
val_5690.JPEG,n03179701
val_5691.JPEG,n01770393
val_5692.JPEG,n02486410
val_5693.JPEG,n03763968
val_5694.JPEG,n02480495
val_5695.JPEG,n02802426
val_5696.JPEG,n02977058
val_5697.JPEG,n02977058
val_5698.JPEG,n03179701
val_5699.JPEG,n02123394
val_5700.JPEG,n02233338
val_5701.JPEG,n01443537
val_5702.JPEG,n02963159
val_5703.JPEG,n02058221
val_5704.JPEG,n02123394
val_5705.JPEG,n02963159
val_5706.JPEG,n02233338
val_5707.JPEG,n02058221
val_5708.JPEG,n02963159
val_5709.JPEG,n01443537
val_5710.JPEG,n03179701
val_5711.JPEG,n02480495
val_5712.JPEG,n01770393
val_5713.JPEG,n03763968
val_5714.JPEG,n02977058
val_5715.JPEG,n02504458
val_5716.JPEG,n03763968
val_5717.JPEG,n01443537
val_5718.JPEG,n02233338
val_5719.JPEG,n03637318
val_5720.JPEG,n04311004
val_5721.JPEG,n02480495
val_5722.JPEG,n02977058
val_5723.JPEG,n01774384
val_5724.JPEG,n03179701
val_5725.JPEG,n01770393
val_5726.JPEG,n02123394
val_5727.JPEG,n01443537
val_5728.JPEG,n03763968
val_5729.JPEG,n02802426
val_5730.JPEG,n02123394
val_5731.JPEG,n02123394
val_5732.JPEG,n02058221
val_5733.JPEG,n02123394
val_5734.JPEG,n07873807
val_5735.JPEG,n02395406
val_5736.JPEG,n03637318
val_5737.JPEG,n02977058
val_5738.JPEG,n03179701
val_5739.JPEG,n01443537
val_5740.JPEG,n03179701
val_5741.JPEG,n02802426
val_5742.JPEG,n03179701
val_5743.JPEG,n03980874
val_5744.JPEG,n02058221
val_5745.JPEG,n02486410
val_5746.JPEG,n02977058
val_5747.JPEG,n02480495
val_5748.JPEG,n02480495
val_5749.JPEG,n01443537
val_5750.JPEG,n02480495
val_5751.JPEG,n02123394
val_5752.JPEG,n02802426
val_5753.JPEG,n04311004
val_5754.JPEG,n02977058
val_5755.JPEG,n02486410
val_5756.JPEG,n02802426
val_5757.JPEG,n02486410
val_5758.JPEG,n03763968
val_5759.JPEG,n04311004
val_5760.JPEG,n01443537
val_5761.JPEG,n03980874
val_5762.JPEG,n02123394
val_5763.JPEG,n02058221
val_5764.JPEG,n02977058
val_5765.JPEG,n02977058
val_5766.JPEG,n04562935
val_5767.JPEG,n01443537
val_5768.JPEG,n03179701
val_5769.JPEG,n02802426
val_5770.JPEG,n02977058
val_5771.JPEG,n02480495
val_5772.JPEG,n03763968
val_5773.JPEG,n02058221
val_5774.JPEG,n02395406
val_5775.JPEG,n02486410
val_5776.JPEG,n02504458
val_5777.JPEG,n02504458
val_5778.JPEG,n03637318
val_5779.JPEG,n03179701
val_5780.JPEG,n07873807
val_5781.JPEG,n01770393
val_5782.JPEG,n01443537
val_5783.JPEG,n01443537
val_5784.JPEG,n02802426
val_5785.JPEG,n01443537
val_5786.JPEG,n02480495
val_5787.JPEG,n02963159
val_5788.JPEG,n03763968
val_5789.JPEG,n03179701
val_5790.JPEG,n03179701
val_5791.JPEG,n02977058
val_5792.JPEG,n02480495
val_5793.JPEG,n02963159
val_5794.JPEG,n02977058
val_5795.JPEG,n07873807
val_5796.JPEG,n03763968
val_5797.JPEG,n01770393
val_5798.JPEG,n02977058
val_5799.JPEG,n02480495
val_5800.JPEG,n04562935
val_5801.JPEG,n03980874
val_5802.JPEG,n01443537
val_5803.JPEG,n03637318
val_5804.JPEG,n01443537
val_5805.JPEG,n03179701
val_5806.JPEG,n03179701
val_5807.JPEG,n02802426
val_5808.JPEG,n03980874
val_5809.JPEG,n01443537
val_5810.JPEG,n02963159
val_5811.JPEG,n01443537
val_5812.JPEG,n02977058
val_5813.JPEG,n03763968
val_5814.JPEG,n04311004
val_5815.JPEG,n03637318
val_5816.JPEG,n02504458
val_5817.JPEG,n02233338
val_5818.JPEG,n02977058
val_5819.JPEG,n02977058
val_5820.JPEG,n02977058
val_5821.JPEG,n02963159
val_5822.JPEG,n02977058
val_5823.JPEG,n02233338
val_5824.JPEG,n02504458
val_5825.JPEG,n07873807
val_5826.JPEG,n02977058
val_5827.JPEG,n01770393
val_5828.JPEG,n02058221
val_5829.JPEG,n02802426
val_5830.JPEG,n02977058
val_5831.JPEG,n02977058
val_5832.JPEG,n01774384
val_5833.JPEG,n02977058
val_5834.JPEG,n02977058
val_5835.JPEG,n02802426
val_5836.JPEG,n02977058
val_5837.JPEG,n03637318
val_5838.JPEG,n03763968
val_5839.JPEG,n01774384
val_5840.JPEG,n02963159
val_5841.JPEG,n01443537
val_5842.JPEG,n01443537
val_5843.JPEG,n02058221
val_5844.JPEG,n02963159
val_5845.JPEG,n01774384
val_5846.JPEG,n02802426
val_5847.JPEG,n02480495
val_5848.JPEG,n02963159
val_5849.JPEG,n04562935
val_5850.JPEG,n02977058
val_5851.JPEG,n02395406
val_5852.JPEG,n02504458
val_5853.JPEG,n02480495
val_5854.JPEG,n03763968
val_5855.JPEG,n02977058
val_5856.JPEG,n01770393
val_5857.JPEG,n02480495
val_5858.JPEG,n01443537
val_5859.JPEG,n04311004
val_5860.JPEG,n02395406
val_5861.JPEG,n03763968
val_5862.JPEG,n03179701
val_5863.JPEG,n03980874
val_5864.JPEG,n02123394
val_5865.JPEG,n02395406
val_5866.JPEG,n02802426
val_5867.JPEG,n01443537
val_5868.JPEG,n03179701
val_5869.JPEG,n01774384
val_5870.JPEG,n04311004
val_5871.JPEG,n02123394
val_5872.JPEG,n02480495
val_5873.JPEG,n01774384
val_5874.JPEG,n03179701
val_5875.JPEG,n02123394
val_5876.JPEG,n03179701
val_5877.JPEG,n02480495
val_5878.JPEG,n04311004
val_5879.JPEG,n03179701
val_5880.JPEG,n03980874
val_5881.JPEG,n03179701
val_5882.JPEG,n02233338
val_5883.JPEG,n02802426
val_5884.JPEG,n02486410
val_5885.JPEG,n03763968
val_5886.JPEG,n01443537
val_5887.JPEG,n01774384
val_5888.JPEG,n03179701
val_5889.JPEG,n01443537
val_5890.JPEG,n02123394
val_5891.JPEG,n02977058
val_5892.JPEG,n02395406
val_5893.JPEG,n03179701
val_5894.JPEG,n02058221
val_5895.JPEG,n02233338
val_5896.JPEG,n02123394
val_5897.JPEG,n02233338
val_5898.JPEG,n02123394
val_5899.JPEG,n01443537
val_5900.JPEG,n03763968
val_5901.JPEG,n04311004
val_5902.JPEG,n03980874
val_5903.JPEG,n02486410
val_5904.JPEG,n03980874
val_5905.JPEG,n01443537
val_5906.JPEG,n02977058
val_5907.JPEG,n03763968
val_5908.JPEG,n04562935
val_5909.JPEG,n01443537
val_5910.JPEG,n02802426
val_5911.JPEG,n02395406
val_5912.JPEG,n02977058
val_5913.JPEG,n02480495
val_5914.JPEG,n03980874
val_5915.JPEG,n02486410
val_5916.JPEG,n02486410
val_5917.JPEG,n01770393
val_5918.JPEG,n01770393
val_5919.JPEG,n02977058
val_5920.JPEG,n03763968
val_5921.JPEG,n02977058
val_5922.JPEG,n02977058
val_5923.JPEG,n02123394
val_5924.JPEG,n02963159
val_5925.JPEG,n02233338
val_5926.JPEG,n03179701
val_5927.JPEG,n02977058
val_5928.JPEG,n02504458
val_5929.JPEG,n04562935
val_5930.JPEG,n02486410
val_5931.JPEG,n02480495
val_5932.JPEG,n01774384
val_5933.JPEG,n04311004
val_5934.JPEG,n01443537
val_5935.JPEG,n02963159
val_5936.JPEG,n04311004
val_5937.JPEG,n03179701
val_5938.JPEG,n02233338
val_5939.JPEG,n01770393
val_5940.JPEG,n02802426
val_5941.JPEG,n02486410
val_5942.JPEG,n02963159
val_5943.JPEG,n02504458
val_5944.JPEG,n04311004
val_5945.JPEG,n03980874
val_5946.JPEG,n03179701
val_5947.JPEG,n02480495
val_5948.JPEG,n02802426
val_5949.JPEG,n02123394
val_5950.JPEG,n02395406
val_5951.JPEG,n04562935
val_5952.JPEG,n02123394
val_5953.JPEG,n02963159
val_5954.JPEG,n02058221
val_5955.JPEG,n02395406
val_5956.JPEG,n02233338
val_5957.JPEG,n01770393
val_5958.JPEG,n02977058
val_5959.JPEG,n03179701
val_5960.JPEG,n03763968
val_5961.JPEG,n02977058
val_5962.JPEG,n04311004
val_5963.JPEG,n01770393
val_5964.JPEG,n01443537
val_5965.JPEG,n03763968
val_5966.JPEG,n04311004
val_5967.JPEG,n01770393
val_5968.JPEG,n01770393
val_5969.JPEG,n04562935
val_5970.JPEG,n03179701
val_5971.JPEG,n02233338
val_5972.JPEG,n04562935
val_5973.JPEG,n03179701
val_5974.JPEG,n02480495
val_5975.JPEG,n01770393
val_5976.JPEG,n02395406
val_5977.JPEG,n03179701
val_5978.JPEG,n03179701
val_5979.JPEG,n02977058
val_5980.JPEG,n01443537
val_5981.JPEG,n03637318
val_5982.JPEG,n04311004
val_5983.JPEG,n02395406
val_5984.JPEG,n03980874
val_5985.JPEG,n02123394
val_5986.JPEG,n02486410
val_5987.JPEG,n02123394
val_5988.JPEG,n02233338
val_5989.JPEG,n02802426
val_5990.JPEG,n02123394
val_5991.JPEG,n02233338
val_5992.JPEG,n04311004
val_5993.JPEG,n02395406
val_5994.JPEG,n02977058
val_5995.JPEG,n01770393
val_5996.JPEG,n02963159
val_5997.JPEG,n03179701
val_5998.JPEG,n02233338
val_5999.JPEG,n01770393
val_6000.JPEG,n02977058
val_6001.JPEG,n02058221
val_6002.JPEG,n01443537
val_6003.JPEG,n02480495
val_6004.JPEG,n02395406
val_6005.JPEG,n02977058
val_6006.JPEG,n02504458
val_6007.JPEG,n03179701
val_6008.JPEG,n03179701
val_6009.JPEG,n02802426
val_6010.JPEG,n03763968
val_6011.JPEG,n02977058
val_6012.JPEG,n01770393
val_6013.JPEG,n01770393
val_6014.JPEG,n02058221
val_6015.JPEG,n02123394
val_6016.JPEG,n02977058
val_6017.JPEG,n02395406
val_6018.JPEG,n02977058
val_6019.JPEG,n02486410
val_6020.JPEG,n02123394
val_6021.JPEG,n03179701
val_6022.JPEG,n03179701
val_6023.JPEG,n02504458
val_6024.JPEG,n02233338
val_6025.JPEG,n02233338
val_6026.JPEG,n07873807
val_6027.JPEG,n03637318
val_6028.JPEG,n02058221
val_6029.JPEG,n02395406
val_6030.JPEG,n02977058
val_6031.JPEG,n01443537
val_6032.JPEG,n01443537
val_6033.JPEG,n01770393
val_6034.JPEG,n03637318
val_6035.JPEG,n03763968
val_6036.JPEG,n03179701
val_6037.JPEG,n04562935
val_6038.JPEG,n02480495
val_6039.JPEG,n02802426
val_6040.JPEG,n02977058
val_6041.JPEG,n04562935
val_6042.JPEG,n04311004
val_6043.JPEG,n02480495
val_6044.JPEG,n02963159
val_6045.JPEG,n03763968
val_6046.JPEG,n02486410
val_6047.JPEG,n02233338
val_6048.JPEG,n01770393
val_6049.JPEG,n02123394
val_6050.JPEG,n02480495
val_6051.JPEG,n02058221
val_6052.JPEG,n02963159
val_6053.JPEG,n02233338
val_6054.JPEG,n02395406
val_6055.JPEG,n02504458
val_6056.JPEG,n01770393
val_6057.JPEG,n02123394
val_6058.JPEG,n03637318
val_6059.JPEG,n01443537
val_6060.JPEG,n02058221
val_6061.JPEG,n02395406
val_6062.JPEG,n01770393
val_6063.JPEG,n02977058
val_6064.JPEG,n02058221
val_6065.JPEG,n01443537
val_6066.JPEG,n02123394
val_6067.JPEG,n02058221
val_6068.JPEG,n03179701
val_6069.JPEG,n07873807
val_6070.JPEG,n03637318
val_6071.JPEG,n04562935
val_6072.JPEG,n02058221
val_6073.JPEG,n02504458
val_6074.JPEG,n02480495
val_6075.JPEG,n03763968
val_6076.JPEG,n02395406
val_6077.JPEG,n04311004
val_6078.JPEG,n01443537
val_6079.JPEG,n03980874
val_6080.JPEG,n02977058
val_6081.JPEG,n02480495
val_6082.JPEG,n02480495
val_6083.JPEG,n03179701
val_6084.JPEG,n02123394
val_6085.JPEG,n02395406
val_6086.JPEG,n02486410
val_6087.JPEG,n07873807
val_6088.JPEG,n01443537
val_6089.JPEG,n02977058
val_6090.JPEG,n01770393
val_6091.JPEG,n02058221
val_6092.JPEG,n02977058
val_6093.JPEG,n02977058
val_6094.JPEG,n02233338
val_6095.JPEG,n04311004
val_6096.JPEG,n02977058
val_6097.JPEG,n02802426
val_6098.JPEG,n02233338
val_6099.JPEG,n02233338
val_6100.JPEG,n02123394
val_6101.JPEG,n04562935
val_6102.JPEG,n02480495
val_6103.JPEG,n01774384
val_6104.JPEG,n02058221
val_6105.JPEG,n02395406
val_6106.JPEG,n02963159
val_6107.JPEG,n03179701
val_6108.JPEG,n03980874
val_6109.JPEG,n03637318
val_6110.JPEG,n02480495
val_6111.JPEG,n03637318
val_6112.JPEG,n02480495
val_6113.JPEG,n02963159
val_6114.JPEG,n01774384
val_6115.JPEG,n03637318
val_6116.JPEG,n01443537
val_6117.JPEG,n02480495
val_6118.JPEG,n02963159
val_6119.JPEG,n03980874
val_6120.JPEG,n02058221
val_6121.JPEG,n02977058
val_6122.JPEG,n02977058
val_6123.JPEG,n02395406
val_6124.JPEG,n01443537
val_6125.JPEG,n02123394
val_6126.JPEG,n02123394
val_6127.JPEG,n02123394
val_6128.JPEG,n02233338
val_6129.JPEG,n02233338
val_6130.JPEG,n01770393
val_6131.JPEG,n03980874
val_6132.JPEG,n02123394
val_6133.JPEG,n04311004
val_6134.JPEG,n03763968
val_6135.JPEG,n02123394
val_6136.JPEG,n02058221
val_6137.JPEG,n02480495
val_6138.JPEG,n03179701
val_6139.JPEG,n02480495
val_6140.JPEG,n02963159
val_6141.JPEG,n02977058
val_6142.JPEG,n03637318
val_6143.JPEG,n02480495
val_6144.JPEG,n02123394
val_6145.JPEG,n03763968
val_6146.JPEG,n02977058
val_6147.JPEG,n02233338
val_6148.JPEG,n01770393
val_6149.JPEG,n04311004
val_6150.JPEG,n02233338
val_6151.JPEG,n02233338
val_6152.JPEG,n02233338
val_6153.JPEG,n02233338
val_6154.JPEG,n02395406
val_6155.JPEG,n02802426
val_6156.JPEG,n02058221
val_6157.JPEG,n01770393
val_6158.JPEG,n03637318
val_6159.JPEG,n01443537
val_6160.JPEG,n02058221
val_6161.JPEG,n02977058
val_6162.JPEG,n01443537
val_6163.JPEG,n02504458
val_6164.JPEG,n02395406
val_6165.JPEG,n02977058
val_6166.JPEG,n04311004
val_6167.JPEG,n02480495
val_6168.JPEG,n02802426
val_6169.JPEG,n02395406
val_6170.JPEG,n01443537
val_6171.JPEG,n02395406
val_6172.JPEG,n02233338
val_6173.JPEG,n02123394
val_6174.JPEG,n02977058
val_6175.JPEG,n07873807
val_6176.JPEG,n02504458
val_6177.JPEG,n02480495
val_6178.JPEG,n02977058
val_6179.JPEG,n02963159
val_6180.JPEG,n03179701
val_6181.JPEG,n02977058
val_6182.JPEG,n01443537
val_6183.JPEG,n03763968
val_6184.JPEG,n03637318
val_6185.JPEG,n02977058
val_6186.JPEG,n01443537
val_6187.JPEG,n02480495
val_6188.JPEG,n02504458
val_6189.JPEG,n02058221
val_6190.JPEG,n03179701
val_6191.JPEG,n01443537
val_6192.JPEG,n02123394
val_6193.JPEG,n03980874
val_6194.JPEG,n02486410
val_6195.JPEG,n03179701
val_6196.JPEG,n02395406
val_6197.JPEG,n01770393
val_6198.JPEG,n02977058
val_6199.JPEG,n01443537
val_6200.JPEG,n02977058
val_6201.JPEG,n03179701
val_6202.JPEG,n02977058
val_6203.JPEG,n01770393
val_6204.JPEG,n02395406
val_6205.JPEG,n02123394
val_6206.JPEG,n04562935
val_6207.JPEG,n02233338
val_6208.JPEG,n02395406
val_6209.JPEG,n03179701
val_6210.JPEG,n04311004
val_6211.JPEG,n03980874
val_6212.JPEG,n04562935
val_6213.JPEG,n03179701
val_6214.JPEG,n02802426
val_6215.JPEG,n03637318
val_6216.JPEG,n03179701
val_6217.JPEG,n01770393
val_6218.JPEG,n04562935
val_6219.JPEG,n02977058
val_6220.JPEG,n01770393
val_6221.JPEG,n02977058
val_6222.JPEG,n02395406
val_6223.JPEG,n02395406
val_6224.JPEG,n03179701
val_6225.JPEG,n02977058
val_6226.JPEG,n02233338
val_6227.JPEG,n03763968
val_6228.JPEG,n04562935
val_6229.JPEG,n01770393
val_6230.JPEG,n02486410
val_6231.JPEG,n03179701
val_6232.JPEG,n02802426
val_6233.JPEG,n02504458
val_6234.JPEG,n02963159
val_6235.JPEG,n01770393
val_6236.JPEG,n03980874
val_6237.JPEG,n02977058
val_6238.JPEG,n02233338
val_6239.JPEG,n02486410
val_6240.JPEG,n03637318
val_6241.JPEG,n02977058
val_6242.JPEG,n03763968
val_6243.JPEG,n02977058
val_6244.JPEG,n01443537
val_6245.JPEG,n01770393
val_6246.JPEG,n03980874
val_6247.JPEG,n04562935
val_6248.JPEG,n02233338
val_6249.JPEG,n02802426
val_6250.JPEG,n03980874
val_6251.JPEG,n03637318
val_6252.JPEG,n02233338
val_6253.JPEG,n02486410
val_6254.JPEG,n01443537
val_6255.JPEG,n02802426
val_6256.JPEG,n01770393
val_6257.JPEG,n03637318
val_6258.JPEG,n02395406
val_6259.JPEG,n02486410
val_6260.JPEG,n04311004
val_6261.JPEG,n02963159
val_6262.JPEG,n02233338
val_6263.JPEG,n03763968
val_6264.JPEG,n03179701
val_6265.JPEG,n03179701
val_6266.JPEG,n07873807
val_6267.JPEG,n03179701
val_6268.JPEG,n02480495
val_6269.JPEG,n02802426
val_6270.JPEG,n02504458
val_6271.JPEG,n02977058
val_6272.JPEG,n02977058
val_6273.JPEG,n04311004
val_6274.JPEG,n02395406
val_6275.JPEG,n03179701
val_6276.JPEG,n02504458
val_6277.JPEG,n02977058
val_6278.JPEG,n01770393
val_6279.JPEG,n02802426
val_6280.JPEG,n02977058
val_6281.JPEG,n03179701
val_6282.JPEG,n03637318
val_6283.JPEG,n02058221
val_6284.JPEG,n07873807
val_6285.JPEG,n02123394
val_6286.JPEG,n02977058
val_6287.JPEG,n01774384
val_6288.JPEG,n02977058
val_6289.JPEG,n02058221
val_6290.JPEG,n02963159
val_6291.JPEG,n01443537
val_6292.JPEG,n02233338
val_6293.JPEG,n03637318
val_6294.JPEG,n04311004
val_6295.JPEG,n02504458
val_6296.JPEG,n04311004
val_6297.JPEG,n02977058
val_6298.JPEG,n03179701
val_6299.JPEG,n02977058
val_6300.JPEG,n01770393
val_6301.JPEG,n03637318
val_6302.JPEG,n02058221
val_6303.JPEG,n02486410
val_6304.JPEG,n03179701
val_6305.JPEG,n03637318
val_6306.JPEG,n01443537
val_6307.JPEG,n03179701
val_6308.JPEG,n02977058
val_6309.JPEG,n02963159
val_6310.JPEG,n01770393
val_6311.JPEG,n07873807
val_6312.JPEG,n02480495
val_6313.JPEG,n02802426
val_6314.JPEG,n03763968
val_6315.JPEG,n02486410
val_6316.JPEG,n04311004
val_6317.JPEG,n02058221
val_6318.JPEG,n02058221
val_6319.JPEG,n03763968
val_6320.JPEG,n07873807
val_6321.JPEG,n02977058
val_6322.JPEG,n02504458
val_6323.JPEG,n02977058
val_6324.JPEG,n03763968
val_6325.JPEG,n02123394
val_6326.JPEG,n02977058
val_6327.JPEG,n03763968
val_6328.JPEG,n02233338
val_6329.JPEG,n02480495
val_6330.JPEG,n03637318
val_6331.JPEG,n02963159
val_6332.JPEG,n04311004
val_6333.JPEG,n02058221
val_6334.JPEG,n02123394
val_6335.JPEG,n02233338
val_6336.JPEG,n02058221
val_6337.JPEG,n02977058
val_6338.JPEG,n02504458
val_6339.JPEG,n02233338
val_6340.JPEG,n03179701
val_6341.JPEG,n02123394
val_6342.JPEG,n02395406
val_6343.JPEG,n02233338
val_6344.JPEG,n02504458
val_6345.JPEG,n02395406
val_6346.JPEG,n02233338
val_6347.JPEG,n03980874
val_6348.JPEG,n02123394
val_6349.JPEG,n02802426
val_6350.JPEG,n02058221
val_6351.JPEG,n02977058
val_6352.JPEG,n02977058
val_6353.JPEG,n03179701
val_6354.JPEG,n02802426
val_6355.JPEG,n01770393
val_6356.JPEG,n01770393
val_6357.JPEG,n02977058
val_6358.JPEG,n03763968
val_6359.JPEG,n02058221
val_6360.JPEG,n01770393
val_6361.JPEG,n02233338
val_6362.JPEG,n03179701
val_6363.JPEG,n07873807
val_6364.JPEG,n02233338
val_6365.JPEG,n01770393
val_6366.JPEG,n02977058
val_6367.JPEG,n02977058
val_6368.JPEG,n03763968
val_6369.JPEG,n01443537
val_6370.JPEG,n03637318
val_6371.JPEG,n02486410
val_6372.JPEG,n03763968
val_6373.JPEG,n03637318
val_6374.JPEG,n03980874
val_6375.JPEG,n01770393
val_6376.JPEG,n02486410
val_6377.JPEG,n02977058
val_6378.JPEG,n03179701
val_6379.JPEG,n01774384
val_6380.JPEG,n07873807
val_6381.JPEG,n01443537
val_6382.JPEG,n01770393
val_6383.JPEG,n03637318
val_6384.JPEG,n03179701
val_6385.JPEG,n03637318
val_6386.JPEG,n02123394
val_6387.JPEG,n02977058
val_6388.JPEG,n01774384
val_6389.JPEG,n02395406
val_6390.JPEG,n02977058
val_6391.JPEG,n01770393
val_6392.JPEG,n03637318
val_6393.JPEG,n02395406
val_6394.JPEG,n02480495
val_6395.JPEG,n02963159
val_6396.JPEG,n03179701
val_6397.JPEG,n02977058
val_6398.JPEG,n03179701
val_6399.JPEG,n01774384
val_6400.JPEG,n02802426
val_6401.JPEG,n02058221
val_6402.JPEG,n02395406
val_6403.JPEG,n04311004
val_6404.JPEG,n02123394
val_6405.JPEG,n01774384
val_6406.JPEG,n04311004
val_6407.JPEG,n02977058
val_6408.JPEG,n04311004
val_6409.JPEG,n03179701
val_6410.JPEG,n02977058
val_6411.JPEG,n02802426
val_6412.JPEG,n02802426
val_6413.JPEG,n02977058
val_6414.JPEG,n03637318
val_6415.JPEG,n02977058
val_6416.JPEG,n03179701
val_6417.JPEG,n01443537
val_6418.JPEG,n03763968
val_6419.JPEG,n03637318
val_6420.JPEG,n04311004
val_6421.JPEG,n02480495
val_6422.JPEG,n02963159
val_6423.JPEG,n02977058
val_6424.JPEG,n02802426
val_6425.JPEG,n02058221
val_6426.JPEG,n02480495
val_6427.JPEG,n07873807
val_6428.JPEG,n02233338
val_6429.JPEG,n02480495
val_6430.JPEG,n02480495
val_6431.JPEG,n02123394
val_6432.JPEG,n02977058
val_6433.JPEG,n01770393
val_6434.JPEG,n02480495
val_6435.JPEG,n02802426
val_6436.JPEG,n03179701
val_6437.JPEG,n01770393
val_6438.JPEG,n04311004
val_6439.JPEG,n02977058
val_6440.JPEG,n07873807
val_6441.JPEG,n01774384
val_6442.JPEG,n02486410
val_6443.JPEG,n01770393
val_6444.JPEG,n02977058
val_6445.JPEG,n02977058
val_6446.JPEG,n02123394
val_6447.JPEG,n02977058
val_6448.JPEG,n02480495
val_6449.JPEG,n02963159
val_6450.JPEG,n03179701
val_6451.JPEG,n02395406
val_6452.JPEG,n03763968
val_6453.JPEG,n03179701
val_6454.JPEG,n04311004
val_6455.JPEG,n01774384
val_6456.JPEG,n02233338
val_6457.JPEG,n01443537
val_6458.JPEG,n03179701
val_6459.JPEG,n02123394
val_6460.JPEG,n02977058
val_6461.JPEG,n02977058
val_6462.JPEG,n02123394
val_6463.JPEG,n03637318
val_6464.JPEG,n02480495
val_6465.JPEG,n02480495
val_6466.JPEG,n02123394
val_6467.JPEG,n02123394
val_6468.JPEG,n03637318
val_6469.JPEG,n04311004
val_6470.JPEG,n02486410
val_6471.JPEG,n03179701
val_6472.JPEG,n02480495
val_6473.JPEG,n03179701
val_6474.JPEG,n02486410
val_6475.JPEG,n02233338
val_6476.JPEG,n02395406
val_6477.JPEG,n02977058
val_6478.JPEG,n02395406
val_6479.JPEG,n03179701
val_6480.JPEG,n04562935
val_6481.JPEG,n02963159
val_6482.JPEG,n01770393
val_6483.JPEG,n02977058
val_6484.JPEG,n02058221
val_6485.JPEG,n01770393
val_6486.JPEG,n02123394
val_6487.JPEG,n01770393
val_6488.JPEG,n04311004
val_6489.JPEG,n01443537
val_6490.JPEG,n03637318
val_6491.JPEG,n02480495
val_6492.JPEG,n02977058
val_6493.JPEG,n01774384
val_6494.JPEG,n03763968
val_6495.JPEG,n01770393
val_6496.JPEG,n02977058
val_6497.JPEG,n03637318
val_6498.JPEG,n02123394
val_6499.JPEG,n03980874
val_6500.JPEG,n01443537
val_6501.JPEG,n02480495
val_6502.JPEG,n02395406
val_6503.JPEG,n02480495
val_6504.JPEG,n03637318
val_6505.JPEG,n02977058
val_6506.JPEG,n03179701
val_6507.JPEG,n02233338
val_6508.JPEG,n02802426
val_6509.JPEG,n04562935
val_6510.JPEG,n02395406
val_6511.JPEG,n07873807
val_6512.JPEG,n04562935
val_6513.JPEG,n02123394
val_6514.JPEG,n02963159
val_6515.JPEG,n03980874
val_6516.JPEG,n02058221
val_6517.JPEG,n03763968
val_6518.JPEG,n02963159
val_6519.JPEG,n02802426
val_6520.JPEG,n02802426
val_6521.JPEG,n02977058
val_6522.JPEG,n02802426
val_6523.JPEG,n03637318
val_6524.JPEG,n01774384
val_6525.JPEG,n01770393
val_6526.JPEG,n02480495
val_6527.JPEG,n02963159
val_6528.JPEG,n02480495
val_6529.JPEG,n02480495
val_6530.JPEG,n04311004
val_6531.JPEG,n02480495
val_6532.JPEG,n02480495
val_6533.JPEG,n01770393
val_6534.JPEG,n03179701
val_6535.JPEG,n02395406
val_6536.JPEG,n02802426
val_6537.JPEG,n02123394
val_6538.JPEG,n02233338
val_6539.JPEG,n02504458
val_6540.JPEG,n01443537
val_6541.JPEG,n02963159
val_6542.JPEG,n02480495
val_6543.JPEG,n01443537
val_6544.JPEG,n01443537
val_6545.JPEG,n02802426
val_6546.JPEG,n02977058
val_6547.JPEG,n02123394
val_6548.JPEG,n02123394
val_6549.JPEG,n01443537
val_6550.JPEG,n02395406
val_6551.JPEG,n02977058
val_6552.JPEG,n02977058
val_6553.JPEG,n02233338
val_6554.JPEG,n03763968
val_6555.JPEG,n03179701
val_6556.JPEG,n02123394
val_6557.JPEG,n02233338
val_6558.JPEG,n02233338
val_6559.JPEG,n02395406
val_6560.JPEG,n07873807
val_6561.JPEG,n01443537
val_6562.JPEG,n04562935
val_6563.JPEG,n01770393
val_6564.JPEG,n01443537
val_6565.JPEG,n02233338
val_6566.JPEG,n02233338
val_6567.JPEG,n01770393
val_6568.JPEG,n01770393
val_6569.JPEG,n02977058
val_6570.JPEG,n01443537
val_6571.JPEG,n01770393
val_6572.JPEG,n02977058
val_6573.JPEG,n03179701
val_6574.JPEG,n07873807
val_6575.JPEG,n02058221
val_6576.JPEG,n03179701
val_6577.JPEG,n03179701
val_6578.JPEG,n02977058
val_6579.JPEG,n02480495
val_6580.JPEG,n03179701
val_6581.JPEG,n01443537
val_6582.JPEG,n03637318
val_6583.JPEG,n02504458
val_6584.JPEG,n03637318
val_6585.JPEG,n02058221
val_6586.JPEG,n02802426
val_6587.JPEG,n02233338
val_6588.JPEG,n02123394
val_6589.JPEG,n01774384
val_6590.JPEG,n01774384
val_6591.JPEG,n02233338
val_6592.JPEG,n03763968
val_6593.JPEG,n02963159
val_6594.JPEG,n04562935
val_6595.JPEG,n02963159
val_6596.JPEG,n02802426
val_6597.JPEG,n01443537
val_6598.JPEG,n01774384
val_6599.JPEG,n02058221
val_6600.JPEG,n03637318
val_6601.JPEG,n01443537
val_6602.JPEG,n02977058
val_6603.JPEG,n01770393
val_6604.JPEG,n03637318
val_6605.JPEG,n02504458
val_6606.JPEG,n03179701
val_6607.JPEG,n02233338
val_6608.JPEG,n03763968
val_6609.JPEG,n02977058
val_6610.JPEG,n01770393
val_6611.JPEG,n03637318
val_6612.JPEG,n03637318
val_6613.JPEG,n03763968
val_6614.JPEG,n03179701
val_6615.JPEG,n02480495
val_6616.JPEG,n03179701
val_6617.JPEG,n03179701
val_6618.JPEG,n02963159
val_6619.JPEG,n02977058
val_6620.JPEG,n03179701
val_6621.JPEG,n02977058
val_6622.JPEG,n03763968
val_6623.JPEG,n03179701
val_6624.JPEG,n04562935
val_6625.JPEG,n03637318
val_6626.JPEG,n07873807
val_6627.JPEG,n02395406
val_6628.JPEG,n02480495
val_6629.JPEG,n01770393
val_6630.JPEG,n04311004
val_6631.JPEG,n02802426
val_6632.JPEG,n04311004
val_6633.JPEG,n02977058
val_6634.JPEG,n02486410
val_6635.JPEG,n04311004
val_6636.JPEG,n02395406
val_6637.JPEG,n02395406
val_6638.JPEG,n04311004
val_6639.JPEG,n02486410
val_6640.JPEG,n04311004
val_6641.JPEG,n02233338
val_6642.JPEG,n02963159
val_6643.JPEG,n02233338
val_6644.JPEG,n02395406
val_6645.JPEG,n02123394
val_6646.JPEG,n03179701
val_6647.JPEG,n03637318
val_6648.JPEG,n03637318
val_6649.JPEG,n01443537
val_6650.JPEG,n03179701
val_6651.JPEG,n01770393
val_6652.JPEG,n02963159
val_6653.JPEG,n03637318
val_6654.JPEG,n03763968
val_6655.JPEG,n02977058
val_6656.JPEG,n02480495
val_6657.JPEG,n02123394
val_6658.JPEG,n01443537
val_6659.JPEG,n07873807
val_6660.JPEG,n02802426
val_6661.JPEG,n03763968
val_6662.JPEG,n02395406
val_6663.JPEG,n02123394
val_6664.JPEG,n02395406
val_6665.JPEG,n02504458
val_6666.JPEG,n02977058
val_6667.JPEG,n02123394
val_6668.JPEG,n02123394
val_6669.JPEG,n02802426
val_6670.JPEG,n02233338
val_6671.JPEG,n02233338
val_6672.JPEG,n02977058
val_6673.JPEG,n07873807
val_6674.JPEG,n03179701
val_6675.JPEG,n02233338
val_6676.JPEG,n02233338
val_6677.JPEG,n04311004
val_6678.JPEG,n01770393
val_6679.JPEG,n03179701
val_6680.JPEG,n03763968
val_6681.JPEG,n02480495
val_6682.JPEG,n02977058
val_6683.JPEG,n02802426
val_6684.JPEG,n02233338
val_6685.JPEG,n02802426
val_6686.JPEG,n07873807
val_6687.JPEG,n02480495
val_6688.JPEG,n02486410
val_6689.JPEG,n02233338
val_6690.JPEG,n02977058
val_6691.JPEG,n01770393
val_6692.JPEG,n02058221
val_6693.JPEG,n03179701
val_6694.JPEG,n02233338
val_6695.JPEG,n02504458
val_6696.JPEG,n04311004
val_6697.JPEG,n02977058
val_6698.JPEG,n07873807
val_6699.JPEG,n02395406
val_6700.JPEG,n02395406
val_6701.JPEG,n03179701
val_6702.JPEG,n02123394
val_6703.JPEG,n02233338
val_6704.JPEG,n01774384
val_6705.JPEG,n02233338
val_6706.JPEG,n03179701
val_6707.JPEG,n02058221
val_6708.JPEG,n02058221
val_6709.JPEG,n04562935
val_6710.JPEG,n04311004
val_6711.JPEG,n03637318
val_6712.JPEG,n02480495
val_6713.JPEG,n02504458
val_6714.JPEG,n02058221
val_6715.JPEG,n02123394
val_6716.JPEG,n01770393
val_6717.JPEG,n01770393
val_6718.JPEG,n02977058
val_6719.JPEG,n03763968
val_6720.JPEG,n02504458
val_6721.JPEG,n02977058
val_6722.JPEG,n02233338
val_6723.JPEG,n02480495
val_6724.JPEG,n02233338
val_6725.JPEG,n04311004
val_6726.JPEG,n04311004
val_6727.JPEG,n02395406
val_6728.JPEG,n02977058
val_6729.JPEG,n02963159
val_6730.JPEG,n02058221
val_6731.JPEG,n03179701
val_6732.JPEG,n03763968
val_6733.JPEG,n02977058
val_6734.JPEG,n03637318
val_6735.JPEG,n02058221
val_6736.JPEG,n01770393
val_6737.JPEG,n01770393
val_6738.JPEG,n02977058
val_6739.JPEG,n02233338
val_6740.JPEG,n02123394
val_6741.JPEG,n04311004
val_6742.JPEG,n02802426
val_6743.JPEG,n02977058
val_6744.JPEG,n03763968
val_6745.JPEG,n02486410
val_6746.JPEG,n02963159
val_6747.JPEG,n02233338
val_6748.JPEG,n02480495
val_6749.JPEG,n02504458
val_6750.JPEG,n02058221
val_6751.JPEG,n04562935
val_6752.JPEG,n04562935
val_6753.JPEG,n04562935
val_6754.JPEG,n03980874
val_6755.JPEG,n02963159
val_6756.JPEG,n02233338
val_6757.JPEG,n02480495
val_6758.JPEG,n01774384
val_6759.JPEG,n02977058
val_6760.JPEG,n03179701
val_6761.JPEG,n02233338
val_6762.JPEG,n01770393
val_6763.JPEG,n01770393
val_6764.JPEG,n02480495
val_6765.JPEG,n02963159
val_6766.JPEG,n03179701
val_6767.JPEG,n02963159
val_6768.JPEG,n04562935
val_6769.JPEG,n01443537
val_6770.JPEG,n02486410
val_6771.JPEG,n02802426
val_6772.JPEG,n01770393
val_6773.JPEG,n01770393
val_6774.JPEG,n02486410
val_6775.JPEG,n02504458
val_6776.JPEG,n02802426
val_6777.JPEG,n02977058
val_6778.JPEG,n03763968
val_6779.JPEG,n02480495
val_6780.JPEG,n02504458
val_6781.JPEG,n03637318
val_6782.JPEG,n02233338
val_6783.JPEG,n01443537
val_6784.JPEG,n01770393
val_6785.JPEG,n04562935
val_6786.JPEG,n02977058
val_6787.JPEG,n02233338
val_6788.JPEG,n01443537
val_6789.JPEG,n02486410
val_6790.JPEG,n02504458
val_6791.JPEG,n04311004
val_6792.JPEG,n02123394
val_6793.JPEG,n02123394
val_6794.JPEG,n03980874
val_6795.JPEG,n01443537
val_6796.JPEG,n02963159
val_6797.JPEG,n02123394
val_6798.JPEG,n01770393
val_6799.JPEG,n02802426
val_6800.JPEG,n02977058
val_6801.JPEG,n03763968
val_6802.JPEG,n02486410
val_6803.JPEG,n02802426
val_6804.JPEG,n07873807
val_6805.JPEG,n03763968
val_6806.JPEG,n01770393
val_6807.JPEG,n02480495
val_6808.JPEG,n04311004
val_6809.JPEG,n01443537
val_6810.JPEG,n07873807
val_6811.JPEG,n02123394
val_6812.JPEG,n02802426
val_6813.JPEG,n04311004
val_6814.JPEG,n03980874
val_6815.JPEG,n01443537
val_6816.JPEG,n02977058
val_6817.JPEG,n03179701
val_6818.JPEG,n02395406
val_6819.JPEG,n02486410
val_6820.JPEG,n07873807
val_6821.JPEG,n02802426
val_6822.JPEG,n02058221
val_6823.JPEG,n02233338
val_6824.JPEG,n02504458
val_6825.JPEG,n02504458
val_6826.JPEG,n03763968
val_6827.JPEG,n02480495
val_6828.JPEG,n02123394
val_6829.JPEG,n02977058
val_6830.JPEG,n02395406
val_6831.JPEG,n03763968
val_6832.JPEG,n02123394
val_6833.JPEG,n02233338
val_6834.JPEG,n02977058
val_6835.JPEG,n03637318
val_6836.JPEG,n01443537
val_6837.JPEG,n04311004
val_6838.JPEG,n02977058
val_6839.JPEG,n03763968
val_6840.JPEG,n03763968
val_6841.JPEG,n03179701
val_6842.JPEG,n02058221
val_6843.JPEG,n03763968
val_6844.JPEG,n07873807
val_6845.JPEG,n02058221
val_6846.JPEG,n03763968
val_6847.JPEG,n03179701
val_6848.JPEG,n04562935
val_6849.JPEG,n04562935
val_6850.JPEG,n02123394
val_6851.JPEG,n02480495
val_6852.JPEG,n01443537
val_6853.JPEG,n02977058
val_6854.JPEG,n01443537
val_6855.JPEG,n01443537
val_6856.JPEG,n02802426
val_6857.JPEG,n02233338
val_6858.JPEG,n02123394
val_6859.JPEG,n02058221
val_6860.JPEG,n03179701
val_6861.JPEG,n03763968
val_6862.JPEG,n02123394
val_6863.JPEG,n02802426
val_6864.JPEG,n01443537
val_6865.JPEG,n01443537
val_6866.JPEG,n02504458
val_6867.JPEG,n02977058
val_6868.JPEG,n02963159
val_6869.JPEG,n04311004
val_6870.JPEG,n03980874
val_6871.JPEG,n02802426
val_6872.JPEG,n02058221
val_6873.JPEG,n02963159
val_6874.JPEG,n01443537
val_6875.JPEG,n02233338
val_6876.JPEG,n02802426
val_6877.JPEG,n03179701
val_6878.JPEG,n01443537
val_6879.JPEG,n02977058
val_6880.JPEG,n02486410
val_6881.JPEG,n02977058
val_6882.JPEG,n03179701
val_6883.JPEG,n02395406
val_6884.JPEG,n03179701
val_6885.JPEG,n02233338
val_6886.JPEG,n03763968
val_6887.JPEG,n02977058
val_6888.JPEG,n02395406
val_6889.JPEG,n03980874
val_6890.JPEG,n03179701
val_6891.JPEG,n07873807
val_6892.JPEG,n03980874
val_6893.JPEG,n02123394
val_6894.JPEG,n03179701
val_6895.JPEG,n02963159
val_6896.JPEG,n02486410
val_6897.JPEG,n02504458
val_6898.JPEG,n01443537
val_6899.JPEG,n01770393
val_6900.JPEG,n01443537
val_6901.JPEG,n07873807
val_6902.JPEG,n03980874
val_6903.JPEG,n02058221
val_6904.JPEG,n02486410
val_6905.JPEG,n02395406
val_6906.JPEG,n03179701
val_6907.JPEG,n02395406
val_6908.JPEG,n02233338
val_6909.JPEG,n02504458
val_6910.JPEG,n03637318
val_6911.JPEG,n02977058
val_6912.JPEG,n02802426
val_6913.JPEG,n02233338
val_6914.JPEG,n02977058
val_6915.JPEG,n02123394
val_6916.JPEG,n02058221
val_6917.JPEG,n07873807
val_6918.JPEG,n02977058
val_6919.JPEG,n02977058
val_6920.JPEG,n02963159
val_6921.JPEG,n02977058
val_6922.JPEG,n02977058
val_6923.JPEG,n03179701
val_6924.JPEG,n02486410
val_6925.JPEG,n01770393
val_6926.JPEG,n02977058
val_6927.JPEG,n02395406
val_6928.JPEG,n02977058
val_6929.JPEG,n01443537
val_6930.JPEG,n02123394
val_6931.JPEG,n01774384
val_6932.JPEG,n01443537
val_6933.JPEG,n02963159
val_6934.JPEG,n02977058
val_6935.JPEG,n01443537
val_6936.JPEG,n02977058
val_6937.JPEG,n02802426
val_6938.JPEG,n03179701
val_6939.JPEG,n02977058
val_6940.JPEG,n02977058
val_6941.JPEG,n02395406
val_6942.JPEG,n02977058
val_6943.JPEG,n02058221
val_6944.JPEG,n02486410
val_6945.JPEG,n02123394
val_6946.JPEG,n02058221
val_6947.JPEG,n02486410
val_6948.JPEG,n02802426
val_6949.JPEG,n04311004
val_6950.JPEG,n01443537
val_6951.JPEG,n02977058
val_6952.JPEG,n02058221
val_6953.JPEG,n01443537
val_6954.JPEG,n02977058
val_6955.JPEG,n02395406
val_6956.JPEG,n02977058
val_6957.JPEG,n02486410
val_6958.JPEG,n03179701
val_6959.JPEG,n03637318
val_6960.JPEG,n02504458
val_6961.JPEG,n02963159
val_6962.JPEG,n02963159
val_6963.JPEG,n02504458
val_6964.JPEG,n03179701
val_6965.JPEG,n02123394
val_6966.JPEG,n02504458
val_6967.JPEG,n03980874
val_6968.JPEG,n02480495
val_6969.JPEG,n04311004
val_6970.JPEG,n02058221
val_6971.JPEG,n02058221
val_6972.JPEG,n02395406
val_6973.JPEG,n02486410
val_6974.JPEG,n01770393
val_6975.JPEG,n01770393
val_6976.JPEG,n07873807
val_6977.JPEG,n03763968
val_6978.JPEG,n03179701
val_6979.JPEG,n02802426
val_6980.JPEG,n02963159
val_6981.JPEG,n02233338
val_6982.JPEG,n03179701
val_6983.JPEG,n02233338
val_6984.JPEG,n02058221
val_6985.JPEG,n02058221
val_6986.JPEG,n03980874
val_6987.JPEG,n02802426
val_6988.JPEG,n02233338
val_6989.JPEG,n02977058
val_6990.JPEG,n03637318
val_6991.JPEG,n02963159
val_6992.JPEG,n07873807
val_6993.JPEG,n03179701
val_6994.JPEG,n02233338
val_6995.JPEG,n02977058
val_6996.JPEG,n04311004
val_6997.JPEG,n02480495
val_6998.JPEG,n02802426
val_6999.JPEG,n02233338
val_7000.JPEG,n04311004
val_7001.JPEG,n04562935
val_7002.JPEG,n02395406
val_7003.JPEG,n03763968
val_7004.JPEG,n01770393
val_7005.JPEG,n02233338
val_7006.JPEG,n02963159
val_7007.JPEG,n03179701
val_7008.JPEG,n01770393
val_7009.JPEG,n02058221
val_7010.JPEG,n07873807
val_7011.JPEG,n03763968
val_7012.JPEG,n02123394
val_7013.JPEG,n02963159
val_7014.JPEG,n03637318
val_7015.JPEG,n02504458
val_7016.JPEG,n02395406
val_7017.JPEG,n02977058
val_7018.JPEG,n02977058
val_7019.JPEG,n02233338
val_7020.JPEG,n03637318
val_7021.JPEG,n03179701
val_7022.JPEG,n03179701
val_7023.JPEG,n07873807
val_7024.JPEG,n07873807
val_7025.JPEG,n01770393
val_7026.JPEG,n07873807
val_7027.JPEG,n01770393
val_7028.JPEG,n02504458
val_7029.JPEG,n02486410
val_7030.JPEG,n03980874
val_7031.JPEG,n02977058
val_7032.JPEG,n02977058
val_7033.JPEG,n02486410
val_7034.JPEG,n01443537
val_7035.JPEG,n02123394
val_7036.JPEG,n02395406
val_7037.JPEG,n01770393
val_7038.JPEG,n02486410
val_7039.JPEG,n02977058
val_7040.JPEG,n02963159
val_7041.JPEG,n02802426
val_7042.JPEG,n04562935
val_7043.JPEG,n01774384
val_7044.JPEG,n02058221
val_7045.JPEG,n01770393
val_7046.JPEG,n03980874
val_7047.JPEG,n01443537
val_7048.JPEG,n03980874
val_7049.JPEG,n02802426
val_7050.JPEG,n03637318
val_7051.JPEG,n03763968
val_7052.JPEG,n03179701
val_7053.JPEG,n02802426
val_7054.JPEG,n03179701
val_7055.JPEG,n02977058
val_7056.JPEG,n02480495
val_7057.JPEG,n04311004
val_7058.JPEG,n02963159
val_7059.JPEG,n02480495
val_7060.JPEG,n02233338
val_7061.JPEG,n02058221
val_7062.JPEG,n02058221
val_7063.JPEG,n01770393
val_7064.JPEG,n03179701
val_7065.JPEG,n02977058
val_7066.JPEG,n02480495
val_7067.JPEG,n03179701
val_7068.JPEG,n04311004
val_7069.JPEG,n02977058
val_7070.JPEG,n04562935
val_7071.JPEG,n02504458
val_7072.JPEG,n02977058
val_7073.JPEG,n03179701
val_7074.JPEG,n02486410
val_7075.JPEG,n02123394
val_7076.JPEG,n01774384
val_7077.JPEG,n02395406
val_7078.JPEG,n03637318
val_7079.JPEG,n03179701
val_7080.JPEG,n02504458
val_7081.JPEG,n02977058
val_7082.JPEG,n07873807
val_7083.JPEG,n02480495
val_7084.JPEG,n01774384
val_7085.JPEG,n02058221
val_7086.JPEG,n03637318
val_7087.JPEG,n02123394
val_7088.JPEG,n01443537
val_7089.JPEG,n01770393
val_7090.JPEG,n04562935
val_7091.JPEG,n04311004
val_7092.JPEG,n02233338
val_7093.JPEG,n02233338
val_7094.JPEG,n04311004
val_7095.JPEG,n04562935
val_7096.JPEG,n01443537
val_7097.JPEG,n02977058
val_7098.JPEG,n04562935
val_7099.JPEG,n03637318
val_7100.JPEG,n04311004
val_7101.JPEG,n02977058
val_7102.JPEG,n02486410
val_7103.JPEG,n03179701
val_7104.JPEG,n02977058
val_7105.JPEG,n02977058
val_7106.JPEG,n02395406
val_7107.JPEG,n04311004
val_7108.JPEG,n04311004
val_7109.JPEG,n02977058
val_7110.JPEG,n02963159
val_7111.JPEG,n02977058
val_7112.JPEG,n02504458
val_7113.JPEG,n02977058
val_7114.JPEG,n02977058
val_7115.JPEG,n03179701
val_7116.JPEG,n02123394
val_7117.JPEG,n02480495
val_7118.JPEG,n04311004
val_7119.JPEG,n03637318
val_7120.JPEG,n03637318
val_7121.JPEG,n02233338
val_7122.JPEG,n02486410
val_7123.JPEG,n02977058
val_7124.JPEG,n02058221
val_7125.JPEG,n02123394
val_7126.JPEG,n01774384
val_7127.JPEG,n02233338
val_7128.JPEG,n04562935
val_7129.JPEG,n03179701
val_7130.JPEG,n01770393
val_7131.JPEG,n04562935
val_7132.JPEG,n02486410
val_7133.JPEG,n01443537
val_7134.JPEG,n02977058
val_7135.JPEG,n01443537
val_7136.JPEG,n07873807
val_7137.JPEG,n02058221
val_7138.JPEG,n04311004
val_7139.JPEG,n01770393
val_7140.JPEG,n04562935
val_7141.JPEG,n02123394
val_7142.JPEG,n04562935
val_7143.JPEG,n03637318
val_7144.JPEG,n02233338
val_7145.JPEG,n07873807
val_7146.JPEG,n04562935
val_7147.JPEG,n02977058
val_7148.JPEG,n02480495
val_7149.JPEG,n04562935
val_7150.JPEG,n02123394
val_7151.JPEG,n01770393
val_7152.JPEG,n02977058
val_7153.JPEG,n02802426
val_7154.JPEG,n02802426
val_7155.JPEG,n02058221
val_7156.JPEG,n02480495
val_7157.JPEG,n03179701
val_7158.JPEG,n02963159
val_7159.JPEG,n02977058
val_7160.JPEG,n02977058
val_7161.JPEG,n02480495
val_7162.JPEG,n07873807
val_7163.JPEG,n02802426
val_7164.JPEG,n02480495
val_7165.JPEG,n01443537
val_7166.JPEG,n03179701
val_7167.JPEG,n02480495
val_7168.JPEG,n03637318
val_7169.JPEG,n07873807
val_7170.JPEG,n01443537
val_7171.JPEG,n02395406
val_7172.JPEG,n03980874
val_7173.JPEG,n07873807
val_7174.JPEG,n02963159
val_7175.JPEG,n03179701
val_7176.JPEG,n02486410
val_7177.JPEG,n02977058
val_7178.JPEG,n01443537
val_7179.JPEG,n02123394
val_7180.JPEG,n03179701
val_7181.JPEG,n02977058
val_7182.JPEG,n02802426
val_7183.JPEG,n02480495
val_7184.JPEG,n01770393
val_7185.JPEG,n03637318
val_7186.JPEG,n02233338
val_7187.JPEG,n02123394
val_7188.JPEG,n02480495
val_7189.JPEG,n04311004
val_7190.JPEG,n02977058
val_7191.JPEG,n04311004
val_7192.JPEG,n02963159
val_7193.JPEG,n02802426
val_7194.JPEG,n04562935
val_7195.JPEG,n03980874
val_7196.JPEG,n02977058
val_7197.JPEG,n02977058
val_7198.JPEG,n03179701
val_7199.JPEG,n02977058
val_7200.JPEG,n02504458
val_7201.JPEG,n07873807
val_7202.JPEG,n02977058
val_7203.JPEG,n02480495
val_7204.JPEG,n02977058
val_7205.JPEG,n02963159
val_7206.JPEG,n07873807
val_7207.JPEG,n02977058
val_7208.JPEG,n02977058
val_7209.JPEG,n02480495
val_7210.JPEG,n03179701
val_7211.JPEG,n01443537
val_7212.JPEG,n03980874
val_7213.JPEG,n01770393
val_7214.JPEG,n02480495
val_7215.JPEG,n03980874
val_7216.JPEG,n02058221
val_7217.JPEG,n02486410
val_7218.JPEG,n02977058
val_7219.JPEG,n02802426
val_7220.JPEG,n04562935
val_7221.JPEG,n04562935
val_7222.JPEG,n02802426
val_7223.JPEG,n02480495
val_7224.JPEG,n02123394
val_7225.JPEG,n02977058
val_7226.JPEG,n02233338
val_7227.JPEG,n02058221
val_7228.JPEG,n07873807
val_7229.JPEG,n02977058
val_7230.JPEG,n02977058
val_7231.JPEG,n02486410
val_7232.JPEG,n02802426
val_7233.JPEG,n01774384
val_7234.JPEG,n02058221
val_7235.JPEG,n02963159
val_7236.JPEG,n03179701
val_7237.JPEG,n02395406
val_7238.JPEG,n02504458
val_7239.JPEG,n02233338
val_7240.JPEG,n01443537
val_7241.JPEG,n02802426
val_7242.JPEG,n02480495
val_7243.JPEG,n04562935
val_7244.JPEG,n01443537
val_7245.JPEG,n04311004
val_7246.JPEG,n02395406
val_7247.JPEG,n03637318
val_7248.JPEG,n04562935
val_7249.JPEG,n04311004
val_7250.JPEG,n01443537
val_7251.JPEG,n02395406
val_7252.JPEG,n03763968
val_7253.JPEG,n01443537
val_7254.JPEG,n02058221
val_7255.JPEG,n02123394
val_7256.JPEG,n02233338
val_7257.JPEG,n02977058
val_7258.JPEG,n02486410
val_7259.JPEG,n02504458
val_7260.JPEG,n02123394
val_7261.JPEG,n02123394
val_7262.JPEG,n02802426
val_7263.JPEG,n02123394
val_7264.JPEG,n04311004
val_7265.JPEG,n02123394
val_7266.JPEG,n02963159
val_7267.JPEG,n03637318
val_7268.JPEG,n01443537
val_7269.JPEG,n02395406
val_7270.JPEG,n01770393
val_7271.JPEG,n01443537
val_7272.JPEG,n07873807
val_7273.JPEG,n03763968
val_7274.JPEG,n02233338
val_7275.JPEG,n02963159
val_7276.JPEG,n02977058
val_7277.JPEG,n02395406
val_7278.JPEG,n03637318
val_7279.JPEG,n03637318
val_7280.JPEG,n02233338
val_7281.JPEG,n01443537
val_7282.JPEG,n02123394
val_7283.JPEG,n02977058
val_7284.JPEG,n07873807
val_7285.JPEG,n03637318
val_7286.JPEG,n02233338
val_7287.JPEG,n02802426
val_7288.JPEG,n03179701
val_7289.JPEG,n02504458
val_7290.JPEG,n02123394
val_7291.JPEG,n02233338
val_7292.JPEG,n03179701
val_7293.JPEG,n02977058
val_7294.JPEG,n02963159
val_7295.JPEG,n01443537
val_7296.JPEG,n03637318
val_7297.JPEG,n01770393
val_7298.JPEG,n04562935
val_7299.JPEG,n03980874
val_7300.JPEG,n03980874
val_7301.JPEG,n02486410
val_7302.JPEG,n03637318
val_7303.JPEG,n02963159
val_7304.JPEG,n01770393
val_7305.JPEG,n02504458
val_7306.JPEG,n02977058
val_7307.JPEG,n01770393
val_7308.JPEG,n02504458
val_7309.JPEG,n02123394
val_7310.JPEG,n02486410
val_7311.JPEG,n02977058
val_7312.JPEG,n03763968
val_7313.JPEG,n02977058
val_7314.JPEG,n03637318
val_7315.JPEG,n02802426
val_7316.JPEG,n04311004
val_7317.JPEG,n03980874
val_7318.JPEG,n02977058
val_7319.JPEG,n02977058
val_7320.JPEG,n03179701
val_7321.JPEG,n01774384
val_7322.JPEG,n02058221
val_7323.JPEG,n02123394
val_7324.JPEG,n02058221
val_7325.JPEG,n01770393
val_7326.JPEG,n03763968
val_7327.JPEG,n02963159
val_7328.JPEG,n02977058
val_7329.JPEG,n07873807
val_7330.JPEG,n02963159
val_7331.JPEG,n03179701
val_7332.JPEG,n02802426
val_7333.JPEG,n03980874
val_7334.JPEG,n03980874
val_7335.JPEG,n02977058
val_7336.JPEG,n01770393
val_7337.JPEG,n02802426
val_7338.JPEG,n02123394
val_7339.JPEG,n02123394
val_7340.JPEG,n02977058
val_7341.JPEG,n01774384
val_7342.JPEG,n02395406
val_7343.JPEG,n02977058
val_7344.JPEG,n02058221
val_7345.JPEG,n01770393
val_7346.JPEG,n02058221
val_7347.JPEG,n03179701
val_7348.JPEG,n04311004
val_7349.JPEG,n03179701
val_7350.JPEG,n02486410
val_7351.JPEG,n02963159
val_7352.JPEG,n02977058
val_7353.JPEG,n02480495
val_7354.JPEG,n02802426
val_7355.JPEG,n01770393
val_7356.JPEG,n02123394
val_7357.JPEG,n03179701
val_7358.JPEG,n03637318
val_7359.JPEG,n01770393
val_7360.JPEG,n03637318
val_7361.JPEG,n07873807
val_7362.JPEG,n02123394
val_7363.JPEG,n01774384
val_7364.JPEG,n03179701
val_7365.JPEG,n03637318
val_7366.JPEG,n02058221
val_7367.JPEG,n02977058
val_7368.JPEG,n02058221
val_7369.JPEG,n02977058
val_7370.JPEG,n04562935
val_7371.JPEG,n03179701
val_7372.JPEG,n02504458
val_7373.JPEG,n03179701
val_7374.JPEG,n04311004
val_7375.JPEG,n03763968
val_7376.JPEG,n04311004
val_7377.JPEG,n02977058
val_7378.JPEG,n02977058
val_7379.JPEG,n02480495
val_7380.JPEG,n02486410
val_7381.JPEG,n02486410
val_7382.JPEG,n02977058
val_7383.JPEG,n02123394
val_7384.JPEG,n02233338
val_7385.JPEG,n03637318
val_7386.JPEG,n01774384
val_7387.JPEG,n02233338
val_7388.JPEG,n03179701
val_7389.JPEG,n02058221
val_7390.JPEG,n01770393
val_7391.JPEG,n02233338
val_7392.JPEG,n02233338
val_7393.JPEG,n07873807
val_7394.JPEG,n03637318
val_7395.JPEG,n02480495
val_7396.JPEG,n03637318
val_7397.JPEG,n03763968
val_7398.JPEG,n02802426
val_7399.JPEG,n02977058
val_7400.JPEG,n02123394
val_7401.JPEG,n03980874
val_7402.JPEG,n02395406
val_7403.JPEG,n04311004
val_7404.JPEG,n03179701
val_7405.JPEG,n02123394
val_7406.JPEG,n07873807
val_7407.JPEG,n02977058
val_7408.JPEG,n02977058
val_7409.JPEG,n02233338
val_7410.JPEG,n01443537
val_7411.JPEG,n01443537
val_7412.JPEG,n02802426
val_7413.JPEG,n02058221
val_7414.JPEG,n02504458
val_7415.JPEG,n03763968
val_7416.JPEG,n02486410
val_7417.JPEG,n02480495
val_7418.JPEG,n03763968
val_7419.JPEG,n01774384
val_7420.JPEG,n02233338
val_7421.JPEG,n03980874
val_7422.JPEG,n01770393
val_7423.JPEG,n02963159
val_7424.JPEG,n02058221
val_7425.JPEG,n02504458
val_7426.JPEG,n02486410
val_7427.JPEG,n01770393
val_7428.JPEG,n03980874
val_7429.JPEG,n02963159
val_7430.JPEG,n02977058
val_7431.JPEG,n02977058
val_7432.JPEG,n03980874
val_7433.JPEG,n01443537
val_7434.JPEG,n03179701
val_7435.JPEG,n03637318
val_7436.JPEG,n02058221
val_7437.JPEG,n03179701
val_7438.JPEG,n03179701
val_7439.JPEG,n02963159
val_7440.JPEG,n03763968
val_7441.JPEG,n04562935
val_7442.JPEG,n03980874
val_7443.JPEG,n03637318
val_7444.JPEG,n01443537
val_7445.JPEG,n02480495
val_7446.JPEG,n02802426
val_7447.JPEG,n02963159
val_7448.JPEG,n02977058
val_7449.JPEG,n07873807
val_7450.JPEG,n02963159
val_7451.JPEG,n03179701
val_7452.JPEG,n03980874
val_7453.JPEG,n02486410
val_7454.JPEG,n03179701
val_7455.JPEG,n03179701
val_7456.JPEG,n04311004
val_7457.JPEG,n02123394
val_7458.JPEG,n03763968
val_7459.JPEG,n02977058
val_7460.JPEG,n01770393
val_7461.JPEG,n02058221
val_7462.JPEG,n02977058
val_7463.JPEG,n02480495
val_7464.JPEG,n02058221
val_7465.JPEG,n04562935
val_7466.JPEG,n02977058
val_7467.JPEG,n04311004
val_7468.JPEG,n03637318
val_7469.JPEG,n02233338
val_7470.JPEG,n02058221
val_7471.JPEG,n02977058
val_7472.JPEG,n03179701
val_7473.JPEG,n01443537
val_7474.JPEG,n02480495
val_7475.JPEG,n02233338
val_7476.JPEG,n02395406
val_7477.JPEG,n02963159
val_7478.JPEG,n04311004
val_7479.JPEG,n04311004
val_7480.JPEG,n02123394
val_7481.JPEG,n03179701
val_7482.JPEG,n01770393
val_7483.JPEG,n02123394
val_7484.JPEG,n03763968
val_7485.JPEG,n02058221
val_7486.JPEG,n03980874
val_7487.JPEG,n03179701
val_7488.JPEG,n07873807
val_7489.JPEG,n02395406
val_7490.JPEG,n02504458
val_7491.JPEG,n01774384
val_7492.JPEG,n03637318
val_7493.JPEG,n02395406
val_7494.JPEG,n01770393
val_7495.JPEG,n04311004
val_7496.JPEG,n02963159
val_7497.JPEG,n02123394
val_7498.JPEG,n02802426
val_7499.JPEG,n03637318
val_7500.JPEG,n03179701
val_7501.JPEG,n07873807
val_7502.JPEG,n02486410
val_7503.JPEG,n02395406
val_7504.JPEG,n02058221
val_7505.JPEG,n02977058
val_7506.JPEG,n03637318
val_7507.JPEG,n02123394
val_7508.JPEG,n02504458
val_7509.JPEG,n03980874
val_7510.JPEG,n02123394
val_7511.JPEG,n02977058
val_7512.JPEG,n04562935
val_7513.JPEG,n02395406
val_7514.JPEG,n03179701
val_7515.JPEG,n03637318
val_7516.JPEG,n02977058
val_7517.JPEG,n02977058
val_7518.JPEG,n04562935
val_7519.JPEG,n02486410
val_7520.JPEG,n02963159
val_7521.JPEG,n07873807
val_7522.JPEG,n02480495
val_7523.JPEG,n03179701
val_7524.JPEG,n02233338
val_7525.JPEG,n03179701
val_7526.JPEG,n02802426
val_7527.JPEG,n03980874
val_7528.JPEG,n02123394
val_7529.JPEG,n03763968
val_7530.JPEG,n04311004
val_7531.JPEG,n02977058
val_7532.JPEG,n02233338
val_7533.JPEG,n03637318
val_7534.JPEG,n02058221
val_7535.JPEG,n03637318
val_7536.JPEG,n02486410
val_7537.JPEG,n07873807
val_7538.JPEG,n01770393
val_7539.JPEG,n02977058
val_7540.JPEG,n02123394
val_7541.JPEG,n01774384
val_7542.JPEG,n03179701
val_7543.JPEG,n03763968
val_7544.JPEG,n07873807
val_7545.JPEG,n02977058
val_7546.JPEG,n01443537
val_7547.JPEG,n02977058
val_7548.JPEG,n02977058
val_7549.JPEG,n02480495
val_7550.JPEG,n07873807
val_7551.JPEG,n02123394
val_7552.JPEG,n02058221
val_7553.JPEG,n03179701
val_7554.JPEG,n02802426
val_7555.JPEG,n02802426
val_7556.JPEG,n02977058
val_7557.JPEG,n02395406
val_7558.JPEG,n02058221
val_7559.JPEG,n02977058
val_7560.JPEG,n02977058
val_7561.JPEG,n01770393
val_7562.JPEG,n02504458
val_7563.JPEG,n02395406
val_7564.JPEG,n07873807
val_7565.JPEG,n02963159
val_7566.JPEG,n03179701
val_7567.JPEG,n02123394
val_7568.JPEG,n02504458
val_7569.JPEG,n02977058
val_7570.JPEG,n01443537
val_7571.JPEG,n02963159
val_7572.JPEG,n02480495
val_7573.JPEG,n02480495
val_7574.JPEG,n03179701
val_7575.JPEG,n01770393
val_7576.JPEG,n02802426
val_7577.JPEG,n03637318
val_7578.JPEG,n01443537
val_7579.JPEG,n02977058
val_7580.JPEG,n03637318
val_7581.JPEG,n01443537
val_7582.JPEG,n01443537
val_7583.JPEG,n02963159
val_7584.JPEG,n02504458
val_7585.JPEG,n02123394
val_7586.JPEG,n03763968
val_7587.JPEG,n04311004
val_7588.JPEG,n02233338
val_7589.JPEG,n02977058
val_7590.JPEG,n03763968
val_7591.JPEG,n02486410
val_7592.JPEG,n03637318
val_7593.JPEG,n02395406
val_7594.JPEG,n01443537
val_7595.JPEG,n02486410
val_7596.JPEG,n03980874
val_7597.JPEG,n03179701
val_7598.JPEG,n02395406
val_7599.JPEG,n02977058
val_7600.JPEG,n04562935
val_7601.JPEG,n02480495
val_7602.JPEG,n04562935
val_7603.JPEG,n04562935
val_7604.JPEG,n02480495
val_7605.JPEG,n02486410
val_7606.JPEG,n02233338
val_7607.JPEG,n02802426
val_7608.JPEG,n03179701
val_7609.JPEG,n03179701
val_7610.JPEG,n02123394
val_7611.JPEG,n02977058
val_7612.JPEG,n02395406
val_7613.JPEG,n07873807
val_7614.JPEG,n01443537
val_7615.JPEG,n02977058
val_7616.JPEG,n07873807
val_7617.JPEG,n02977058
val_7618.JPEG,n03763968
val_7619.JPEG,n03763968
val_7620.JPEG,n03179701
val_7621.JPEG,n02480495
val_7622.JPEG,n03980874
val_7623.JPEG,n01443537
val_7624.JPEG,n02486410
val_7625.JPEG,n02233338
val_7626.JPEG,n03179701
val_7627.JPEG,n02480495
val_7628.JPEG,n02480495
val_7629.JPEG,n04311004
val_7630.JPEG,n02977058
val_7631.JPEG,n01770393
val_7632.JPEG,n01443537
val_7633.JPEG,n02233338
val_7634.JPEG,n02977058
val_7635.JPEG,n03179701
val_7636.JPEG,n03179701
val_7637.JPEG,n02963159
val_7638.JPEG,n02233338
val_7639.JPEG,n02395406
val_7640.JPEG,n01770393
val_7641.JPEG,n02123394
val_7642.JPEG,n02963159
val_7643.JPEG,n04311004
val_7644.JPEG,n02480495
val_7645.JPEG,n01443537
val_7646.JPEG,n03637318
val_7647.JPEG,n02123394
val_7648.JPEG,n02977058
val_7649.JPEG,n03637318
val_7650.JPEG,n01443537
val_7651.JPEG,n03980874
val_7652.JPEG,n02802426
val_7653.JPEG,n04562935
val_7654.JPEG,n03179701
val_7655.JPEG,n02963159
val_7656.JPEG,n02480495
val_7657.JPEG,n02977058
val_7658.JPEG,n02233338
val_7659.JPEG,n02977058
val_7660.JPEG,n02977058
val_7661.JPEG,n02123394
val_7662.JPEG,n03179701
val_7663.JPEG,n04562935
val_7664.JPEG,n02977058
val_7665.JPEG,n01774384
val_7666.JPEG,n02395406
val_7667.JPEG,n02480495
val_7668.JPEG,n02486410
val_7669.JPEG,n02963159
val_7670.JPEG,n03637318
val_7671.JPEG,n01443537
val_7672.JPEG,n03179701
val_7673.JPEG,n02233338
val_7674.JPEG,n02802426
val_7675.JPEG,n02802426
val_7676.JPEG,n02977058
val_7677.JPEG,n01443537
val_7678.JPEG,n02977058
val_7679.JPEG,n01770393
val_7680.JPEG,n02123394
val_7681.JPEG,n02233338
val_7682.JPEG,n04562935
val_7683.JPEG,n01443537
val_7684.JPEG,n03637318
val_7685.JPEG,n03179701
val_7686.JPEG,n07873807
val_7687.JPEG,n07873807
val_7688.JPEG,n03179701
val_7689.JPEG,n03179701
val_7690.JPEG,n04562935
val_7691.JPEG,n02977058
val_7692.JPEG,n01774384
val_7693.JPEG,n01770393
val_7694.JPEG,n02480495
val_7695.JPEG,n03763968
val_7696.JPEG,n04311004
val_7697.JPEG,n03763968
val_7698.JPEG,n03179701
val_7699.JPEG,n02123394
val_7700.JPEG,n02977058
val_7701.JPEG,n03179701
val_7702.JPEG,n07873807
val_7703.JPEG,n02977058
val_7704.JPEG,n02233338
val_7705.JPEG,n01443537
val_7706.JPEG,n03980874
val_7707.JPEG,n02802426
val_7708.JPEG,n02802426
val_7709.JPEG,n02963159
val_7710.JPEG,n01443537
val_7711.JPEG,n03637318
val_7712.JPEG,n03637318
val_7713.JPEG,n02486410
val_7714.JPEG,n02123394
val_7715.JPEG,n02480495
val_7716.JPEG,n02233338
val_7717.JPEG,n04562935
val_7718.JPEG,n02802426
val_7719.JPEG,n02480495
val_7720.JPEG,n03980874
val_7721.JPEG,n02233338
val_7722.JPEG,n02058221
val_7723.JPEG,n03179701
val_7724.JPEG,n03637318
val_7725.JPEG,n02480495
val_7726.JPEG,n02963159
val_7727.JPEG,n01774384
val_7728.JPEG,n03179701
val_7729.JPEG,n03179701
val_7730.JPEG,n02977058
val_7731.JPEG,n02480495
val_7732.JPEG,n01443537
val_7733.JPEG,n01770393
val_7734.JPEG,n02977058
val_7735.JPEG,n01770393
val_7736.JPEG,n03179701
val_7737.JPEG,n02395406
val_7738.JPEG,n03763968
val_7739.JPEG,n01770393
val_7740.JPEG,n03980874
val_7741.JPEG,n03763968
val_7742.JPEG,n03179701
val_7743.JPEG,n01443537
val_7744.JPEG,n04311004
val_7745.JPEG,n03763968
val_7746.JPEG,n03179701
val_7747.JPEG,n02963159
val_7748.JPEG,n03637318
val_7749.JPEG,n02123394
val_7750.JPEG,n03637318
val_7751.JPEG,n03763968
val_7752.JPEG,n07873807
val_7753.JPEG,n03637318
val_7754.JPEG,n01443537
val_7755.JPEG,n02486410
val_7756.JPEG,n02977058
val_7757.JPEG,n01774384
val_7758.JPEG,n02802426
val_7759.JPEG,n02977058
val_7760.JPEG,n02123394
val_7761.JPEG,n03763968
val_7762.JPEG,n02058221
val_7763.JPEG,n02123394
val_7764.JPEG,n01770393
val_7765.JPEG,n02123394
val_7766.JPEG,n02480495
val_7767.JPEG,n01770393
val_7768.JPEG,n03763968
val_7769.JPEG,n02977058
val_7770.JPEG,n02123394
val_7771.JPEG,n01770393
val_7772.JPEG,n03179701
val_7773.JPEG,n02504458
val_7774.JPEG,n03763968
val_7775.JPEG,n02977058
val_7776.JPEG,n02977058
val_7777.JPEG,n02963159
val_7778.JPEG,n03763968
val_7779.JPEG,n03763968
val_7780.JPEG,n02963159
val_7781.JPEG,n02486410
val_7782.JPEG,n01443537
val_7783.JPEG,n07873807
val_7784.JPEG,n07873807
val_7785.JPEG,n01443537
val_7786.JPEG,n02963159
val_7787.JPEG,n01770393
val_7788.JPEG,n04311004
val_7789.JPEG,n02480495
val_7790.JPEG,n04311004
val_7791.JPEG,n02395406
val_7792.JPEG,n01774384
val_7793.JPEG,n02486410
val_7794.JPEG,n04562935
val_7795.JPEG,n01443537
val_7796.JPEG,n02802426
val_7797.JPEG,n01774384
val_7798.JPEG,n03637318
val_7799.JPEG,n04311004
val_7800.JPEG,n02486410
val_7801.JPEG,n02233338
val_7802.JPEG,n02504458
val_7803.JPEG,n01770393
val_7804.JPEG,n01443537
val_7805.JPEG,n02977058
val_7806.JPEG,n04311004
val_7807.JPEG,n04311004
val_7808.JPEG,n02977058
val_7809.JPEG,n02395406
val_7810.JPEG,n02504458
val_7811.JPEG,n02395406
val_7812.JPEG,n03637318
val_7813.JPEG,n03763968
val_7814.JPEG,n03763968
val_7815.JPEG,n02977058
val_7816.JPEG,n02963159
val_7817.JPEG,n03179701
val_7818.JPEG,n02233338
val_7819.JPEG,n02977058
val_7820.JPEG,n02802426
val_7821.JPEG,n01443537
val_7822.JPEG,n03179701
val_7823.JPEG,n02977058
val_7824.JPEG,n02395406
val_7825.JPEG,n01770393
val_7826.JPEG,n02395406
val_7827.JPEG,n02395406
val_7828.JPEG,n02802426
val_7829.JPEG,n01443537
val_7830.JPEG,n01443537
val_7831.JPEG,n02504458
val_7832.JPEG,n02480495
val_7833.JPEG,n02486410
val_7834.JPEG,n03179701
val_7835.JPEG,n02395406
val_7836.JPEG,n01443537
val_7837.JPEG,n03179701
val_7838.JPEG,n02123394
val_7839.JPEG,n02802426
val_7840.JPEG,n02058221
val_7841.JPEG,n04562935
val_7842.JPEG,n02486410
val_7843.JPEG,n02233338
val_7844.JPEG,n02802426
val_7845.JPEG,n01443537
val_7846.JPEG,n03179701
val_7847.JPEG,n02233338
val_7848.JPEG,n02233338
val_7849.JPEG,n02233338
val_7850.JPEG,n02977058
val_7851.JPEG,n03637318
val_7852.JPEG,n02123394
val_7853.JPEG,n01770393
val_7854.JPEG,n02963159
val_7855.JPEG,n02395406
val_7856.JPEG,n03763968
val_7857.JPEG,n02486410
val_7858.JPEG,n01443537
val_7859.JPEG,n04562935
val_7860.JPEG,n02480495
val_7861.JPEG,n02963159
val_7862.JPEG,n07873807
val_7863.JPEG,n03763968
val_7864.JPEG,n02123394
val_7865.JPEG,n02123394
val_7866.JPEG,n01770393
val_7867.JPEG,n03980874
val_7868.JPEG,n02977058
val_7869.JPEG,n03179701
val_7870.JPEG,n02486410
val_7871.JPEG,n02963159
val_7872.JPEG,n02480495
val_7873.JPEG,n02802426
val_7874.JPEG,n02480495
val_7875.JPEG,n03763968
val_7876.JPEG,n02123394
val_7877.JPEG,n02395406
val_7878.JPEG,n02233338
val_7879.JPEG,n01770393
val_7880.JPEG,n02802426
val_7881.JPEG,n01443537
val_7882.JPEG,n02058221
val_7883.JPEG,n03179701
val_7884.JPEG,n04562935
val_7885.JPEG,n03980874
val_7886.JPEG,n01443537
val_7887.JPEG,n02486410
val_7888.JPEG,n02123394
val_7889.JPEG,n02058221
val_7890.JPEG,n01774384
val_7891.JPEG,n02123394
val_7892.JPEG,n02977058
val_7893.JPEG,n04562935
val_7894.JPEG,n03179701
val_7895.JPEG,n03179701
val_7896.JPEG,n03637318
val_7897.JPEG,n03179701
val_7898.JPEG,n04311004
val_7899.JPEG,n02395406
val_7900.JPEG,n03980874
val_7901.JPEG,n02395406
val_7902.JPEG,n07873807
val_7903.JPEG,n03179701
val_7904.JPEG,n03179701
val_7905.JPEG,n02802426
val_7906.JPEG,n03763968
val_7907.JPEG,n03179701
val_7908.JPEG,n03763968
val_7909.JPEG,n02504458
val_7910.JPEG,n02123394
val_7911.JPEG,n03179701
val_7912.JPEG,n02480495
val_7913.JPEG,n02802426
val_7914.JPEG,n02802426
val_7915.JPEG,n02977058
val_7916.JPEG,n03980874
val_7917.JPEG,n04562935
val_7918.JPEG,n04311004
val_7919.JPEG,n02977058
val_7920.JPEG,n03179701
val_7921.JPEG,n02504458
val_7922.JPEG,n03980874
val_7923.JPEG,n02486410
val_7924.JPEG,n02977058
val_7925.JPEG,n02395406
val_7926.JPEG,n03637318
val_7927.JPEG,n03179701
val_7928.JPEG,n02802426
val_7929.JPEG,n02233338
val_7930.JPEG,n01443537
val_7931.JPEG,n02123394
val_7932.JPEG,n02395406
val_7933.JPEG,n02963159
val_7934.JPEG,n02480495
val_7935.JPEG,n04311004
val_7936.JPEG,n03763968
val_7937.JPEG,n03179701
val_7938.JPEG,n02233338
val_7939.JPEG,n02963159
val_7940.JPEG,n02486410
val_7941.JPEG,n03763968
val_7942.JPEG,n03763968
val_7943.JPEG,n03980874
val_7944.JPEG,n01774384
val_7945.JPEG,n02123394
val_7946.JPEG,n02233338
val_7947.JPEG,n02977058
val_7948.JPEG,n02977058
val_7949.JPEG,n02123394
val_7950.JPEG,n02802426
val_7951.JPEG,n02395406
val_7952.JPEG,n02802426
val_7953.JPEG,n01770393
val_7954.JPEG,n02123394
val_7955.JPEG,n07873807
val_7956.JPEG,n03763968
val_7957.JPEG,n02802426
val_7958.JPEG,n01443537
val_7959.JPEG,n02480495
val_7960.JPEG,n02123394
val_7961.JPEG,n02802426
val_7962.JPEG,n02504458
val_7963.JPEG,n02977058
val_7964.JPEG,n02963159
val_7965.JPEG,n02233338
val_7966.JPEG,n01770393
val_7967.JPEG,n03980874
val_7968.JPEG,n03179701
val_7969.JPEG,n03179701
val_7970.JPEG,n02233338
val_7971.JPEG,n02480495
val_7972.JPEG,n04311004
val_7973.JPEG,n02233338
val_7974.JPEG,n01443537
val_7975.JPEG,n02480495
val_7976.JPEG,n02977058
val_7977.JPEG,n02123394
val_7978.JPEG,n03763968
val_7979.JPEG,n02977058
val_7980.JPEG,n02480495
val_7981.JPEG,n04311004
val_7982.JPEG,n02977058
val_7983.JPEG,n01770393
val_7984.JPEG,n02123394
val_7985.JPEG,n03179701
val_7986.JPEG,n03179701
val_7987.JPEG,n03763968
val_7988.JPEG,n02977058
val_7989.JPEG,n02480495
val_7990.JPEG,n03763968
val_7991.JPEG,n01774384
val_7992.JPEG,n04562935
val_7993.JPEG,n02058221
val_7994.JPEG,n03637318
val_7995.JPEG,n03763968
val_7996.JPEG,n02486410
val_7997.JPEG,n02123394
val_7998.JPEG,n03179701
val_7999.JPEG,n04311004
val_8000.JPEG,n02058221
val_8001.JPEG,n04562935
val_8002.JPEG,n02480495
val_8003.JPEG,n02963159
val_8004.JPEG,n02486410
val_8005.JPEG,n02123394
val_8006.JPEG,n04562935
val_8007.JPEG,n02977058
val_8008.JPEG,n03179701
val_8009.JPEG,n02233338
val_8010.JPEG,n02058221
val_8011.JPEG,n02480495
val_8012.JPEG,n03179701
val_8013.JPEG,n03763968
val_8014.JPEG,n04311004
val_8015.JPEG,n02480495
val_8016.JPEG,n03980874
val_8017.JPEG,n01774384
val_8018.JPEG,n03179701
val_8019.JPEG,n02486410
val_8020.JPEG,n02802426
val_8021.JPEG,n02963159
val_8022.JPEG,n03980874
val_8023.JPEG,n02233338
val_8024.JPEG,n02977058
val_8025.JPEG,n02977058
val_8026.JPEG,n02395406
val_8027.JPEG,n01770393
val_8028.JPEG,n07873807
val_8029.JPEG,n02802426
val_8030.JPEG,n02977058
val_8031.JPEG,n02977058
val_8032.JPEG,n03179701
val_8033.JPEG,n07873807
val_8034.JPEG,n01770393
val_8035.JPEG,n04562935
val_8036.JPEG,n04311004
val_8037.JPEG,n04562935
val_8038.JPEG,n02395406
val_8039.JPEG,n03980874
val_8040.JPEG,n02395406
val_8041.JPEG,n01443537
val_8042.JPEG,n03637318
val_8043.JPEG,n02977058
val_8044.JPEG,n03763968
val_8045.JPEG,n07873807
val_8046.JPEG,n01443537
val_8047.JPEG,n02802426
val_8048.JPEG,n01774384
val_8049.JPEG,n01770393
val_8050.JPEG,n02977058
val_8051.JPEG,n02123394
val_8052.JPEG,n02977058
val_8053.JPEG,n07873807
val_8054.JPEG,n02977058
val_8055.JPEG,n01443537
val_8056.JPEG,n04311004
val_8057.JPEG,n07873807
val_8058.JPEG,n03179701
val_8059.JPEG,n03637318
val_8060.JPEG,n02395406
val_8061.JPEG,n02480495
val_8062.JPEG,n03637318
val_8063.JPEG,n02963159
val_8064.JPEG,n02123394
val_8065.JPEG,n02233338
val_8066.JPEG,n02058221
val_8067.JPEG,n02802426
val_8068.JPEG,n02977058
val_8069.JPEG,n02977058
val_8070.JPEG,n03637318
val_8071.JPEG,n02233338
val_8072.JPEG,n02977058
val_8073.JPEG,n04311004
val_8074.JPEG,n02977058
val_8075.JPEG,n01770393
val_8076.JPEG,n03637318
val_8077.JPEG,n02395406
val_8078.JPEG,n03763968
val_8079.JPEG,n02977058
val_8080.JPEG,n01443537
val_8081.JPEG,n02963159
val_8082.JPEG,n01770393
val_8083.JPEG,n02480495
val_8084.JPEG,n02486410
val_8085.JPEG,n02486410
val_8086.JPEG,n04311004
val_8087.JPEG,n04311004
val_8088.JPEG,n02977058
val_8089.JPEG,n01770393
val_8090.JPEG,n01443537
val_8091.JPEG,n02486410
val_8092.JPEG,n02977058
val_8093.JPEG,n02802426
val_8094.JPEG,n02395406
val_8095.JPEG,n01443537
val_8096.JPEG,n03179701
val_8097.JPEG,n02395406
val_8098.JPEG,n02977058
val_8099.JPEG,n02963159
val_8100.JPEG,n02486410
val_8101.JPEG,n01770393
val_8102.JPEG,n02486410
val_8103.JPEG,n01770393
val_8104.JPEG,n03763968
val_8105.JPEG,n01770393
val_8106.JPEG,n01443537
val_8107.JPEG,n02233338
val_8108.JPEG,n04311004
val_8109.JPEG,n04311004
val_8110.JPEG,n03179701
val_8111.JPEG,n02802426
val_8112.JPEG,n02233338
val_8113.JPEG,n02977058
val_8114.JPEG,n03763968
val_8115.JPEG,n02977058
val_8116.JPEG,n04562935
val_8117.JPEG,n03763968
val_8118.JPEG,n03763968
val_8119.JPEG,n02233338
val_8120.JPEG,n03637318
val_8121.JPEG,n02977058
val_8122.JPEG,n02504458
val_8123.JPEG,n02058221
val_8124.JPEG,n02480495
val_8125.JPEG,n01774384
val_8126.JPEG,n04311004
val_8127.JPEG,n02977058
val_8128.JPEG,n02977058
val_8129.JPEG,n01443537
val_8130.JPEG,n02233338
val_8131.JPEG,n01770393
val_8132.JPEG,n02977058
val_8133.JPEG,n02977058
val_8134.JPEG,n01770393
val_8135.JPEG,n02480495
val_8136.JPEG,n02963159
val_8137.JPEG,n02233338
val_8138.JPEG,n01770393
val_8139.JPEG,n07873807
val_8140.JPEG,n02977058
val_8141.JPEG,n02486410
val_8142.JPEG,n03637318
val_8143.JPEG,n03763968
val_8144.JPEG,n02480495
val_8145.JPEG,n03179701
val_8146.JPEG,n02395406
val_8147.JPEG,n03637318
val_8148.JPEG,n02233338
val_8149.JPEG,n01770393
val_8150.JPEG,n07873807
val_8151.JPEG,n03179701
val_8152.JPEG,n02395406
val_8153.JPEG,n02977058
val_8154.JPEG,n02977058
val_8155.JPEG,n02963159
val_8156.JPEG,n01443537
val_8157.JPEG,n04311004
val_8158.JPEG,n02977058
val_8159.JPEG,n07873807
val_8160.JPEG,n04562935
val_8161.JPEG,n03637318
val_8162.JPEG,n02123394
val_8163.JPEG,n01770393
val_8164.JPEG,n02233338
val_8165.JPEG,n03179701
val_8166.JPEG,n02977058
val_8167.JPEG,n02395406
val_8168.JPEG,n02233338
val_8169.JPEG,n02802426
val_8170.JPEG,n02395406
val_8171.JPEG,n03179701
val_8172.JPEG,n02395406
val_8173.JPEG,n02977058
val_8174.JPEG,n03763968
val_8175.JPEG,n04311004
val_8176.JPEG,n03179701
val_8177.JPEG,n01443537
val_8178.JPEG,n01774384
val_8179.JPEG,n02480495
val_8180.JPEG,n02504458
val_8181.JPEG,n04311004
val_8182.JPEG,n02977058
val_8183.JPEG,n03179701
val_8184.JPEG,n04311004
val_8185.JPEG,n02977058
val_8186.JPEG,n02977058
val_8187.JPEG,n02486410
val_8188.JPEG,n03637318
val_8189.JPEG,n02123394
val_8190.JPEG,n03179701
val_8191.JPEG,n02963159
val_8192.JPEG,n01443537
val_8193.JPEG,n04311004
val_8194.JPEG,n03763968
val_8195.JPEG,n07873807
val_8196.JPEG,n02977058
val_8197.JPEG,n01443537
val_8198.JPEG,n02802426
val_8199.JPEG,n02802426
val_8200.JPEG,n02977058
val_8201.JPEG,n07873807
val_8202.JPEG,n02123394
val_8203.JPEG,n02395406
val_8204.JPEG,n01443537
val_8205.JPEG,n03763968
val_8206.JPEG,n02504458
val_8207.JPEG,n03179701
val_8208.JPEG,n03763968
val_8209.JPEG,n01770393
val_8210.JPEG,n02963159
val_8211.JPEG,n02233338
val_8212.JPEG,n03763968
val_8213.JPEG,n02233338
val_8214.JPEG,n02480495
val_8215.JPEG,n03179701
val_8216.JPEG,n04311004
val_8217.JPEG,n04311004
val_8218.JPEG,n07873807
val_8219.JPEG,n04311004
val_8220.JPEG,n02977058
val_8221.JPEG,n02977058
val_8222.JPEG,n02963159
val_8223.JPEG,n01443537
val_8224.JPEG,n03179701
val_8225.JPEG,n02123394
val_8226.JPEG,n02802426
val_8227.JPEG,n03763968
val_8228.JPEG,n03179701
val_8229.JPEG,n02963159
val_8230.JPEG,n01770393
val_8231.JPEG,n02395406
val_8232.JPEG,n02123394
val_8233.JPEG,n03179701
val_8234.JPEG,n02802426
val_8235.JPEG,n02802426
val_8236.JPEG,n03763968
val_8237.JPEG,n04562935
val_8238.JPEG,n02977058
val_8239.JPEG,n03179701
val_8240.JPEG,n02480495
val_8241.JPEG,n02480495
val_8242.JPEG,n02963159
val_8243.JPEG,n02395406
val_8244.JPEG,n02802426
val_8245.JPEG,n02395406
val_8246.JPEG,n02395406
val_8247.JPEG,n02480495
val_8248.JPEG,n02123394
val_8249.JPEG,n02233338
val_8250.JPEG,n02480495
val_8251.JPEG,n02395406
val_8252.JPEG,n02395406
val_8253.JPEG,n04311004
val_8254.JPEG,n04562935
val_8255.JPEG,n02504458
val_8256.JPEG,n03763968
val_8257.JPEG,n02977058
val_8258.JPEG,n03179701
val_8259.JPEG,n01770393
val_8260.JPEG,n02233338
val_8261.JPEG,n02123394
val_8262.JPEG,n04311004
val_8263.JPEG,n02977058
val_8264.JPEG,n02395406
val_8265.JPEG,n02486410
val_8266.JPEG,n01443537
val_8267.JPEG,n01443537
val_8268.JPEG,n03179701
val_8269.JPEG,n02233338
val_8270.JPEG,n03763968
val_8271.JPEG,n01770393
val_8272.JPEG,n02058221
val_8273.JPEG,n04562935
val_8274.JPEG,n02802426
val_8275.JPEG,n03179701
val_8276.JPEG,n02123394
val_8277.JPEG,n04562935
val_8278.JPEG,n02802426
val_8279.JPEG,n01443537
val_8280.JPEG,n02977058
val_8281.JPEG,n04311004
val_8282.JPEG,n03637318
val_8283.JPEG,n01443537
val_8284.JPEG,n02233338
val_8285.JPEG,n01770393
val_8286.JPEG,n03179701
val_8287.JPEG,n02233338
val_8288.JPEG,n01443537
val_8289.JPEG,n02123394
val_8290.JPEG,n07873807
val_8291.JPEG,n03637318
val_8292.JPEG,n03637318
val_8293.JPEG,n07873807
val_8294.JPEG,n01443537
val_8295.JPEG,n02977058
val_8296.JPEG,n02058221
val_8297.JPEG,n02977058
val_8298.JPEG,n01443537
val_8299.JPEG,n02395406
val_8300.JPEG,n02233338
val_8301.JPEG,n02486410
val_8302.JPEG,n03980874
val_8303.JPEG,n01770393
val_8304.JPEG,n04311004
val_8305.JPEG,n02233338
val_8306.JPEG,n02504458
val_8307.JPEG,n01770393
val_8308.JPEG,n03763968
val_8309.JPEG,n02058221
val_8310.JPEG,n01770393
val_8311.JPEG,n02977058
val_8312.JPEG,n02802426
val_8313.JPEG,n02486410
val_8314.JPEG,n03179701
val_8315.JPEG,n03179701
val_8316.JPEG,n03179701
val_8317.JPEG,n01770393
val_8318.JPEG,n04311004
val_8319.JPEG,n07873807
val_8320.JPEG,n01770393
val_8321.JPEG,n02977058
val_8322.JPEG,n02123394
val_8323.JPEG,n01443537
val_8324.JPEG,n02977058
val_8325.JPEG,n02504458
val_8326.JPEG,n02977058
val_8327.JPEG,n02480495
val_8328.JPEG,n02480495
val_8329.JPEG,n03763968
val_8330.JPEG,n02977058
val_8331.JPEG,n02504458
val_8332.JPEG,n02395406
val_8333.JPEG,n02058221
val_8334.JPEG,n01443537
val_8335.JPEG,n02977058
val_8336.JPEG,n03763968
val_8337.JPEG,n02802426
val_8338.JPEG,n02233338
val_8339.JPEG,n02802426
val_8340.JPEG,n01770393
val_8341.JPEG,n02123394
val_8342.JPEG,n02233338
val_8343.JPEG,n02480495
val_8344.JPEG,n01770393
val_8345.JPEG,n02486410
val_8346.JPEG,n07873807
val_8347.JPEG,n01443537
val_8348.JPEG,n01443537
val_8349.JPEG,n01443537
val_8350.JPEG,n02480495
val_8351.JPEG,n03763968
val_8352.JPEG,n02977058
val_8353.JPEG,n02977058
val_8354.JPEG,n01443537
val_8355.JPEG,n01770393
val_8356.JPEG,n04562935
val_8357.JPEG,n02963159
val_8358.JPEG,n02233338
val_8359.JPEG,n02395406
val_8360.JPEG,n02123394
val_8361.JPEG,n01443537
val_8362.JPEG,n02058221
val_8363.JPEG,n02963159
val_8364.JPEG,n02123394
val_8365.JPEG,n02977058
val_8366.JPEG,n02977058
val_8367.JPEG,n03763968
val_8368.JPEG,n02504458
val_8369.JPEG,n01443537
val_8370.JPEG,n02977058
val_8371.JPEG,n02395406
val_8372.JPEG,n03637318
val_8373.JPEG,n02123394
val_8374.JPEG,n03637318
val_8375.JPEG,n02802426
val_8376.JPEG,n02480495
val_8377.JPEG,n02058221
val_8378.JPEG,n03179701
val_8379.JPEG,n02395406
val_8380.JPEG,n02123394
val_8381.JPEG,n02058221
val_8382.JPEG,n02395406
val_8383.JPEG,n04562935
val_8384.JPEG,n02486410
val_8385.JPEG,n01443537
val_8386.JPEG,n01443537
val_8387.JPEG,n03179701
val_8388.JPEG,n02233338
val_8389.JPEG,n02123394
val_8390.JPEG,n02233338
val_8391.JPEG,n02977058
val_8392.JPEG,n03763968
val_8393.JPEG,n02802426
val_8394.JPEG,n02977058
val_8395.JPEG,n02977058
val_8396.JPEG,n02802426
val_8397.JPEG,n03763968
val_8398.JPEG,n02504458
val_8399.JPEG,n02123394
val_8400.JPEG,n07873807
val_8401.JPEG,n03637318
val_8402.JPEG,n02486410
val_8403.JPEG,n02395406
val_8404.JPEG,n02480495
val_8405.JPEG,n04311004
val_8406.JPEG,n03179701
val_8407.JPEG,n02233338
val_8408.JPEG,n03637318
val_8409.JPEG,n02963159
val_8410.JPEG,n02123394
val_8411.JPEG,n02395406
val_8412.JPEG,n04562935
val_8413.JPEG,n02504458
val_8414.JPEG,n04311004
val_8415.JPEG,n01443537
val_8416.JPEG,n01770393
val_8417.JPEG,n07873807
val_8418.JPEG,n03980874
val_8419.JPEG,n02480495
val_8420.JPEG,n02123394
val_8421.JPEG,n02977058
val_8422.JPEG,n02395406
val_8423.JPEG,n03763968
val_8424.JPEG,n02058221
val_8425.JPEG,n02123394
val_8426.JPEG,n03179701
val_8427.JPEG,n03637318
val_8428.JPEG,n02963159
val_8429.JPEG,n02233338
val_8430.JPEG,n01770393
val_8431.JPEG,n02123394
val_8432.JPEG,n02480495
val_8433.JPEG,n02058221
val_8434.JPEG,n03763968
val_8435.JPEG,n02963159
val_8436.JPEG,n02233338
val_8437.JPEG,n02486410
val_8438.JPEG,n02963159
val_8439.JPEG,n02802426
val_8440.JPEG,n02233338
val_8441.JPEG,n04562935
val_8442.JPEG,n02058221
val_8443.JPEG,n01774384
val_8444.JPEG,n02233338
val_8445.JPEG,n02233338
val_8446.JPEG,n03179701
val_8447.JPEG,n02395406
val_8448.JPEG,n02058221
val_8449.JPEG,n04311004
val_8450.JPEG,n02058221
val_8451.JPEG,n01443537
val_8452.JPEG,n02233338
val_8453.JPEG,n02486410
val_8454.JPEG,n03637318
val_8455.JPEG,n02123394
val_8456.JPEG,n02123394
val_8457.JPEG,n07873807
val_8458.JPEG,n03179701
val_8459.JPEG,n01774384
val_8460.JPEG,n03763968
val_8461.JPEG,n02486410
val_8462.JPEG,n04311004
val_8463.JPEG,n03179701
val_8464.JPEG,n02233338
val_8465.JPEG,n02233338
val_8466.JPEG,n07873807
val_8467.JPEG,n02486410
val_8468.JPEG,n03179701
val_8469.JPEG,n02058221
val_8470.JPEG,n03179701
val_8471.JPEG,n02486410
val_8472.JPEG,n02977058
val_8473.JPEG,n03637318
val_8474.JPEG,n02977058
val_8475.JPEG,n02802426
val_8476.JPEG,n02977058
val_8477.JPEG,n02233338
val_8478.JPEG,n03179701
val_8479.JPEG,n01770393
val_8480.JPEG,n07873807
val_8481.JPEG,n01443537
val_8482.JPEG,n02123394
val_8483.JPEG,n02963159
val_8484.JPEG,n03179701
val_8485.JPEG,n02395406
val_8486.JPEG,n02963159
val_8487.JPEG,n01774384
val_8488.JPEG,n02233338
val_8489.JPEG,n02977058
val_8490.JPEG,n02802426
val_8491.JPEG,n01774384
val_8492.JPEG,n03179701
val_8493.JPEG,n02963159
val_8494.JPEG,n03980874
val_8495.JPEG,n02233338
val_8496.JPEG,n02802426
val_8497.JPEG,n02123394
val_8498.JPEG,n03763968
val_8499.JPEG,n02480495
val_8500.JPEG,n02058221
val_8501.JPEG,n02480495
val_8502.JPEG,n03179701
val_8503.JPEG,n02963159
val_8504.JPEG,n02058221
val_8505.JPEG,n02058221
val_8506.JPEG,n01443537
val_8507.JPEG,n02395406
val_8508.JPEG,n04311004
val_8509.JPEG,n01774384
val_8510.JPEG,n02395406
val_8511.JPEG,n02480495
val_8512.JPEG,n02504458
val_8513.JPEG,n03637318
val_8514.JPEG,n03763968
val_8515.JPEG,n02486410
val_8516.JPEG,n02233338
val_8517.JPEG,n02480495
val_8518.JPEG,n03179701
val_8519.JPEG,n02395406
val_8520.JPEG,n02395406
val_8521.JPEG,n07873807
val_8522.JPEG,n02123394
val_8523.JPEG,n03179701
val_8524.JPEG,n03179701
val_8525.JPEG,n04311004
val_8526.JPEG,n01443537
val_8527.JPEG,n03980874
val_8528.JPEG,n02963159
val_8529.JPEG,n02058221
val_8530.JPEG,n03179701
val_8531.JPEG,n03980874
val_8532.JPEG,n02963159
val_8533.JPEG,n02504458
val_8534.JPEG,n02802426
val_8535.JPEG,n01770393
val_8536.JPEG,n02480495
val_8537.JPEG,n02977058
val_8538.JPEG,n02802426
val_8539.JPEG,n04311004
val_8540.JPEG,n01770393
val_8541.JPEG,n02123394
val_8542.JPEG,n04562935
val_8543.JPEG,n02123394
val_8544.JPEG,n02963159
val_8545.JPEG,n03179701
val_8546.JPEG,n04311004
val_8547.JPEG,n04311004
val_8548.JPEG,n02233338
val_8549.JPEG,n03179701
val_8550.JPEG,n02480495
val_8551.JPEG,n01770393
val_8552.JPEG,n03179701
val_8553.JPEG,n03763968
val_8554.JPEG,n01770393
val_8555.JPEG,n02123394
val_8556.JPEG,n02977058
val_8557.JPEG,n02480495
val_8558.JPEG,n03179701
val_8559.JPEG,n02963159
val_8560.JPEG,n03179701
val_8561.JPEG,n04311004
val_8562.JPEG,n02123394
val_8563.JPEG,n02963159
val_8564.JPEG,n03179701
val_8565.JPEG,n04311004
val_8566.JPEG,n03637318
val_8567.JPEG,n02123394
val_8568.JPEG,n02977058
val_8569.JPEG,n02802426
val_8570.JPEG,n03980874
val_8571.JPEG,n02233338
val_8572.JPEG,n02963159
val_8573.JPEG,n02486410
val_8574.JPEG,n03763968
val_8575.JPEG,n02977058
val_8576.JPEG,n02123394
val_8577.JPEG,n01443537
val_8578.JPEG,n02123394
val_8579.JPEG,n02233338
val_8580.JPEG,n02395406
val_8581.JPEG,n02233338
val_8582.JPEG,n01443537
val_8583.JPEG,n01770393
val_8584.JPEG,n02977058
val_8585.JPEG,n01443537
val_8586.JPEG,n02123394
val_8587.JPEG,n01443537
val_8588.JPEG,n02802426
val_8589.JPEG,n02977058
val_8590.JPEG,n01443537
val_8591.JPEG,n02977058
val_8592.JPEG,n02233338
val_8593.JPEG,n04311004
val_8594.JPEG,n02480495
val_8595.JPEG,n02395406
val_8596.JPEG,n02802426
val_8597.JPEG,n01770393
val_8598.JPEG,n02802426
val_8599.JPEG,n02504458
val_8600.JPEG,n07873807
val_8601.JPEG,n01774384
val_8602.JPEG,n02504458
val_8603.JPEG,n02977058
val_8604.JPEG,n02802426
val_8605.JPEG,n02233338
val_8606.JPEG,n03763968
val_8607.JPEG,n02977058
val_8608.JPEG,n01443537
val_8609.JPEG,n02058221
val_8610.JPEG,n03637318
val_8611.JPEG,n02486410
val_8612.JPEG,n03637318
val_8613.JPEG,n03763968
val_8614.JPEG,n03179701
val_8615.JPEG,n04562935
val_8616.JPEG,n03637318
val_8617.JPEG,n02233338
val_8618.JPEG,n03980874
val_8619.JPEG,n01774384
val_8620.JPEG,n01770393
val_8621.JPEG,n02123394
val_8622.JPEG,n02233338
val_8623.JPEG,n02233338
val_8624.JPEG,n04562935
val_8625.JPEG,n02977058
val_8626.JPEG,n04562935
val_8627.JPEG,n02058221
val_8628.JPEG,n01443537
val_8629.JPEG,n03179701
val_8630.JPEG,n03179701
val_8631.JPEG,n03980874
val_8632.JPEG,n01770393
val_8633.JPEG,n04562935
val_8634.JPEG,n02395406
val_8635.JPEG,n02486410
val_8636.JPEG,n03763968
val_8637.JPEG,n01443537
val_8638.JPEG,n03179701
val_8639.JPEG,n02233338
val_8640.JPEG,n02123394
val_8641.JPEG,n02504458
val_8642.JPEG,n01443537
val_8643.JPEG,n04562935
val_8644.JPEG,n03637318
val_8645.JPEG,n02963159
val_8646.JPEG,n02486410
val_8647.JPEG,n02058221
val_8648.JPEG,n02504458
val_8649.JPEG,n01770393
val_8650.JPEG,n02395406
val_8651.JPEG,n02802426
val_8652.JPEG,n02977058
val_8653.JPEG,n03179701
val_8654.JPEG,n02395406
val_8655.JPEG,n02504458
val_8656.JPEG,n04311004
val_8657.JPEG,n02802426
val_8658.JPEG,n02977058
val_8659.JPEG,n03179701
val_8660.JPEG,n01770393
val_8661.JPEG,n01770393
val_8662.JPEG,n02123394
val_8663.JPEG,n03763968
val_8664.JPEG,n02123394
val_8665.JPEG,n02395406
val_8666.JPEG,n03763968
val_8667.JPEG,n02977058
val_8668.JPEG,n02977058
val_8669.JPEG,n02480495
val_8670.JPEG,n02233338
val_8671.JPEG,n02977058
val_8672.JPEG,n02977058
val_8673.JPEG,n02486410
val_8674.JPEG,n02977058
val_8675.JPEG,n02486410
val_8676.JPEG,n03763968
val_8677.JPEG,n01774384
val_8678.JPEG,n01770393
val_8679.JPEG,n02123394
val_8680.JPEG,n03179701
val_8681.JPEG,n02480495
val_8682.JPEG,n02802426
val_8683.JPEG,n01443537
val_8684.JPEG,n01443537
val_8685.JPEG,n02233338
val_8686.JPEG,n03637318
val_8687.JPEG,n03763968
val_8688.JPEG,n02058221
val_8689.JPEG,n02233338
val_8690.JPEG,n02977058
val_8691.JPEG,n03179701
val_8692.JPEG,n02977058
val_8693.JPEG,n02977058
val_8694.JPEG,n02504458
val_8695.JPEG,n03637318
val_8696.JPEG,n03179701
val_8697.JPEG,n02123394
val_8698.JPEG,n02504458
val_8699.JPEG,n02233338
val_8700.JPEG,n02395406
val_8701.JPEG,n03980874
val_8702.JPEG,n02486410
val_8703.JPEG,n01770393
val_8704.JPEG,n02977058
val_8705.JPEG,n02123394
val_8706.JPEG,n03637318
val_8707.JPEG,n02504458
val_8708.JPEG,n02504458
val_8709.JPEG,n02058221
val_8710.JPEG,n03637318
val_8711.JPEG,n02977058
val_8712.JPEG,n01770393
val_8713.JPEG,n02058221
val_8714.JPEG,n02480495
val_8715.JPEG,n07873807
val_8716.JPEG,n04562935
val_8717.JPEG,n01774384
val_8718.JPEG,n02977058
val_8719.JPEG,n02977058
val_8720.JPEG,n02977058
val_8721.JPEG,n02123394
val_8722.JPEG,n03179701
val_8723.JPEG,n03179701
val_8724.JPEG,n02480495
val_8725.JPEG,n02977058
val_8726.JPEG,n03763968
val_8727.JPEG,n04311004
val_8728.JPEG,n02123394
val_8729.JPEG,n02233338
val_8730.JPEG,n02480495
val_8731.JPEG,n02802426
val_8732.JPEG,n02123394
val_8733.JPEG,n02123394
val_8734.JPEG,n03179701
val_8735.JPEG,n02233338
val_8736.JPEG,n02395406
val_8737.JPEG,n02486410
val_8738.JPEG,n02058221
val_8739.JPEG,n02504458
val_8740.JPEG,n02480495
val_8741.JPEG,n01770393
val_8742.JPEG,n03179701
val_8743.JPEG,n02233338
val_8744.JPEG,n02123394
val_8745.JPEG,n02058221
val_8746.JPEG,n02058221
val_8747.JPEG,n03179701
val_8748.JPEG,n02486410
val_8749.JPEG,n02395406
val_8750.JPEG,n02233338
val_8751.JPEG,n02123394
val_8752.JPEG,n02802426
val_8753.JPEG,n03179701
val_8754.JPEG,n02233338
val_8755.JPEG,n02480495
val_8756.JPEG,n04562935
val_8757.JPEG,n03179701
val_8758.JPEG,n03980874
val_8759.JPEG,n02977058
val_8760.JPEG,n01770393
val_8761.JPEG,n02395406
val_8762.JPEG,n03179701
val_8763.JPEG,n04562935
val_8764.JPEG,n02233338
val_8765.JPEG,n02802426
val_8766.JPEG,n02233338
val_8767.JPEG,n02233338
val_8768.JPEG,n02486410
val_8769.JPEG,n03637318
val_8770.JPEG,n03763968
val_8771.JPEG,n03637318
val_8772.JPEG,n02480495
val_8773.JPEG,n02963159
val_8774.JPEG,n01443537
val_8775.JPEG,n03763968
val_8776.JPEG,n03980874
val_8777.JPEG,n07873807
val_8778.JPEG,n02977058
val_8779.JPEG,n01770393
val_8780.JPEG,n02963159
val_8781.JPEG,n02977058
val_8782.JPEG,n03179701
val_8783.JPEG,n02802426
val_8784.JPEG,n04311004
val_8785.JPEG,n02963159
val_8786.JPEG,n02123394
val_8787.JPEG,n02058221
val_8788.JPEG,n03637318
val_8789.JPEG,n02977058
val_8790.JPEG,n02480495
val_8791.JPEG,n01770393
val_8792.JPEG,n02480495
val_8793.JPEG,n02480495
val_8794.JPEG,n02233338
val_8795.JPEG,n02977058
val_8796.JPEG,n03763968
val_8797.JPEG,n02233338
val_8798.JPEG,n03179701
val_8799.JPEG,n02123394
val_8800.JPEG,n02486410
val_8801.JPEG,n02480495
val_8802.JPEG,n02977058
val_8803.JPEG,n03179701
val_8804.JPEG,n03763968
val_8805.JPEG,n01774384
val_8806.JPEG,n02977058
val_8807.JPEG,n02395406
val_8808.JPEG,n02802426
val_8809.JPEG,n02395406
val_8810.JPEG,n01770393
val_8811.JPEG,n02802426
val_8812.JPEG,n02123394
val_8813.JPEG,n02977058
val_8814.JPEG,n02123394
val_8815.JPEG,n03179701
val_8816.JPEG,n04311004
val_8817.JPEG,n02123394
val_8818.JPEG,n02058221
val_8819.JPEG,n02058221
val_8820.JPEG,n02963159
val_8821.JPEG,n04311004
val_8822.JPEG,n02977058
val_8823.JPEG,n02480495
val_8824.JPEG,n02480495
val_8825.JPEG,n01443537
val_8826.JPEG,n03980874
val_8827.JPEG,n02977058
val_8828.JPEG,n02123394
val_8829.JPEG,n02486410
val_8830.JPEG,n02977058
val_8831.JPEG,n02395406
val_8832.JPEG,n01774384
val_8833.JPEG,n03637318
val_8834.JPEG,n02058221
val_8835.JPEG,n02233338
val_8836.JPEG,n02963159
val_8837.JPEG,n02233338
val_8838.JPEG,n01443537
val_8839.JPEG,n02233338
val_8840.JPEG,n03980874
val_8841.JPEG,n02486410
val_8842.JPEG,n02802426
val_8843.JPEG,n02233338
val_8844.JPEG,n02486410
val_8845.JPEG,n02977058
val_8846.JPEG,n02123394
val_8847.JPEG,n02233338
val_8848.JPEG,n02233338
val_8849.JPEG,n02504458
val_8850.JPEG,n02480495
val_8851.JPEG,n03637318
val_8852.JPEG,n02480495
val_8853.JPEG,n02395406
val_8854.JPEG,n02802426
val_8855.JPEG,n02395406
val_8856.JPEG,n02395406
val_8857.JPEG,n03637318
val_8858.JPEG,n03179701
val_8859.JPEG,n01770393
val_8860.JPEG,n03637318
val_8861.JPEG,n03637318
val_8862.JPEG,n03637318
val_8863.JPEG,n03179701
val_8864.JPEG,n03637318
val_8865.JPEG,n02123394
val_8866.JPEG,n02058221
val_8867.JPEG,n07873807
val_8868.JPEG,n03637318
val_8869.JPEG,n01770393
val_8870.JPEG,n02486410
val_8871.JPEG,n02486410
val_8872.JPEG,n02233338
val_8873.JPEG,n03980874
val_8874.JPEG,n01443537
val_8875.JPEG,n03637318
val_8876.JPEG,n04311004
val_8877.JPEG,n02233338
val_8878.JPEG,n04311004
val_8879.JPEG,n03179701
val_8880.JPEG,n03980874
val_8881.JPEG,n02802426
val_8882.JPEG,n01443537
val_8883.JPEG,n02123394
val_8884.JPEG,n02963159
val_8885.JPEG,n01774384
val_8886.JPEG,n02058221
val_8887.JPEG,n01770393
val_8888.JPEG,n03179701
val_8889.JPEG,n03763968
val_8890.JPEG,n02802426
val_8891.JPEG,n03763968
val_8892.JPEG,n02977058
val_8893.JPEG,n02233338
val_8894.JPEG,n03179701
val_8895.JPEG,n02977058
val_8896.JPEG,n01770393
val_8897.JPEG,n03179701
val_8898.JPEG,n03763968
val_8899.JPEG,n02123394
val_8900.JPEG,n04311004
val_8901.JPEG,n02504458
val_8902.JPEG,n02058221
val_8903.JPEG,n01770393
val_8904.JPEG,n02802426
val_8905.JPEG,n01443537
val_8906.JPEG,n02233338
val_8907.JPEG,n02123394
val_8908.JPEG,n01443537
val_8909.JPEG,n01770393
val_8910.JPEG,n02395406
val_8911.JPEG,n07873807
val_8912.JPEG,n02486410
val_8913.JPEG,n04562935
val_8914.JPEG,n01443537
val_8915.JPEG,n02233338
val_8916.JPEG,n02233338
val_8917.JPEG,n02395406
val_8918.JPEG,n02963159
val_8919.JPEG,n02233338
val_8920.JPEG,n02486410
val_8921.JPEG,n03637318
val_8922.JPEG,n01774384
val_8923.JPEG,n02123394
val_8924.JPEG,n02977058
val_8925.JPEG,n03637318
val_8926.JPEG,n03179701
val_8927.JPEG,n02233338
val_8928.JPEG,n01774384
val_8929.JPEG,n03980874
val_8930.JPEG,n01770393
val_8931.JPEG,n02977058
val_8932.JPEG,n03763968
val_8933.JPEG,n02504458
val_8934.JPEG,n01774384
val_8935.JPEG,n04311004
val_8936.JPEG,n02802426
val_8937.JPEG,n03763968
val_8938.JPEG,n03763968
val_8939.JPEG,n02504458
val_8940.JPEG,n02802426
val_8941.JPEG,n02395406
val_8942.JPEG,n03637318
val_8943.JPEG,n01443537
val_8944.JPEG,n02395406
val_8945.JPEG,n03179701
val_8946.JPEG,n04311004
val_8947.JPEG,n02395406
val_8948.JPEG,n02486410
val_8949.JPEG,n03637318
val_8950.JPEG,n02480495
val_8951.JPEG,n02977058
val_8952.JPEG,n02977058
val_8953.JPEG,n02977058
val_8954.JPEG,n02233338
val_8955.JPEG,n04562935
val_8956.JPEG,n02802426
val_8957.JPEG,n01770393
val_8958.JPEG,n04562935
val_8959.JPEG,n01443537
val_8960.JPEG,n03763968
val_8961.JPEG,n02395406
val_8962.JPEG,n02977058
val_8963.JPEG,n03980874
val_8964.JPEG,n04311004
val_8965.JPEG,n02802426
val_8966.JPEG,n02395406
val_8967.JPEG,n02233338
val_8968.JPEG,n02963159
val_8969.JPEG,n02486410
val_8970.JPEG,n03179701
val_8971.JPEG,n02480495
val_8972.JPEG,n01443537
val_8973.JPEG,n01443537
val_8974.JPEG,n02977058
val_8975.JPEG,n02480495
val_8976.JPEG,n02504458
val_8977.JPEG,n02480495
val_8978.JPEG,n03637318
val_8979.JPEG,n02395406
val_8980.JPEG,n03179701
val_8981.JPEG,n03179701
val_8982.JPEG,n02486410
val_8983.JPEG,n04311004
val_8984.JPEG,n03637318
val_8985.JPEG,n02395406
val_8986.JPEG,n02486410
val_8987.JPEG,n03637318
val_8988.JPEG,n01443537
val_8989.JPEG,n01443537
val_8990.JPEG,n02395406
val_8991.JPEG,n03179701
val_8992.JPEG,n02963159
val_8993.JPEG,n02395406
val_8994.JPEG,n07873807
val_8995.JPEG,n02123394
val_8996.JPEG,n02480495
val_8997.JPEG,n03637318
val_8998.JPEG,n02395406
val_8999.JPEG,n02802426
val_9000.JPEG,n02395406
val_9001.JPEG,n03763968
val_9002.JPEG,n02486410
val_9003.JPEG,n01770393
val_9004.JPEG,n02504458
val_9005.JPEG,n02802426
val_9006.JPEG,n03637318
val_9007.JPEG,n03763968
val_9008.JPEG,n02977058
val_9009.JPEG,n03637318
val_9010.JPEG,n02058221
val_9011.JPEG,n01770393
val_9012.JPEG,n03179701
val_9013.JPEG,n02480495
val_9014.JPEG,n02977058
val_9015.JPEG,n02504458
val_9016.JPEG,n01770393
val_9017.JPEG,n02977058
val_9018.JPEG,n02504458
val_9019.JPEG,n02395406
val_9020.JPEG,n02802426
val_9021.JPEG,n02233338
val_9022.JPEG,n03763968
val_9023.JPEG,n02977058
val_9024.JPEG,n02480495
val_9025.JPEG,n02233338
val_9026.JPEG,n02395406
val_9027.JPEG,n01774384
val_9028.JPEG,n03637318
val_9029.JPEG,n02802426
val_9030.JPEG,n02802426
val_9031.JPEG,n03637318
val_9032.JPEG,n03179701
val_9033.JPEG,n02963159
val_9034.JPEG,n03637318
val_9035.JPEG,n02123394
val_9036.JPEG,n02480495
val_9037.JPEG,n01770393
val_9038.JPEG,n01770393
val_9039.JPEG,n02802426
val_9040.JPEG,n01443537
val_9041.JPEG,n02977058
val_9042.JPEG,n02977058
val_9043.JPEG,n03980874
val_9044.JPEG,n01443537
val_9045.JPEG,n02963159
val_9046.JPEG,n02977058
val_9047.JPEG,n03179701
val_9048.JPEG,n03179701
val_9049.JPEG,n01443537
val_9050.JPEG,n04311004
val_9051.JPEG,n02395406
val_9052.JPEG,n02233338
val_9053.JPEG,n02977058
val_9054.JPEG,n01774384
val_9055.JPEG,n02977058
val_9056.JPEG,n03763968
val_9057.JPEG,n01770393
val_9058.JPEG,n04562935
val_9059.JPEG,n04311004
val_9060.JPEG,n03179701
val_9061.JPEG,n03763968
val_9062.JPEG,n02395406
val_9063.JPEG,n04311004
val_9064.JPEG,n02233338
val_9065.JPEG,n02233338
val_9066.JPEG,n04311004
val_9067.JPEG,n02480495
val_9068.JPEG,n03637318
val_9069.JPEG,n02480495
val_9070.JPEG,n02802426
val_9071.JPEG,n01443537
val_9072.JPEG,n03637318
val_9073.JPEG,n03980874
val_9074.JPEG,n02395406
val_9075.JPEG,n03637318
val_9076.JPEG,n01770393
val_9077.JPEG,n02480495
val_9078.JPEG,n02123394
val_9079.JPEG,n03637318
val_9080.JPEG,n03179701
val_9081.JPEG,n02123394
val_9082.JPEG,n03980874
val_9083.JPEG,n02058221
val_9084.JPEG,n01774384
val_9085.JPEG,n03179701
val_9086.JPEG,n01774384
val_9087.JPEG,n02802426
val_9088.JPEG,n01443537
val_9089.JPEG,n04562935
val_9090.JPEG,n02802426
val_9091.JPEG,n02963159
val_9092.JPEG,n02504458
val_9093.JPEG,n01774384
val_9094.JPEG,n02486410
val_9095.JPEG,n02802426
val_9096.JPEG,n04311004
val_9097.JPEG,n02802426
val_9098.JPEG,n03637318
val_9099.JPEG,n03179701
val_9100.JPEG,n02504458
val_9101.JPEG,n02123394
val_9102.JPEG,n04562935
val_9103.JPEG,n02233338
val_9104.JPEG,n03179701
val_9105.JPEG,n02480495
val_9106.JPEG,n02058221
val_9107.JPEG,n02480495
val_9108.JPEG,n02123394
val_9109.JPEG,n04311004
val_9110.JPEG,n04562935
val_9111.JPEG,n04311004
val_9112.JPEG,n03179701
val_9113.JPEG,n02123394
val_9114.JPEG,n07873807
val_9115.JPEG,n02233338
val_9116.JPEG,n02123394
val_9117.JPEG,n04562935
val_9118.JPEG,n02233338
val_9119.JPEG,n02395406
val_9120.JPEG,n02480495
val_9121.JPEG,n03637318
val_9122.JPEG,n04562935
val_9123.JPEG,n02395406
val_9124.JPEG,n01770393
val_9125.JPEG,n03179701
val_9126.JPEG,n03179701
val_9127.JPEG,n02977058
val_9128.JPEG,n03763968
val_9129.JPEG,n03179701
val_9130.JPEG,n01443537
val_9131.JPEG,n01770393
val_9132.JPEG,n03179701
val_9133.JPEG,n02233338
val_9134.JPEG,n02480495
val_9135.JPEG,n04562935
val_9136.JPEG,n03637318
val_9137.JPEG,n02963159
val_9138.JPEG,n04562935
val_9139.JPEG,n02058221
val_9140.JPEG,n02233338
val_9141.JPEG,n02977058
val_9142.JPEG,n01774384
val_9143.JPEG,n02504458
val_9144.JPEG,n02486410
val_9145.JPEG,n03980874
val_9146.JPEG,n01770393
val_9147.JPEG,n03637318
val_9148.JPEG,n02233338
val_9149.JPEG,n02480495
val_9150.JPEG,n02802426
val_9151.JPEG,n02977058
val_9152.JPEG,n02977058
val_9153.JPEG,n07873807
val_9154.JPEG,n02480495
val_9155.JPEG,n02802426
val_9156.JPEG,n07873807
val_9157.JPEG,n02504458
val_9158.JPEG,n02480495
val_9159.JPEG,n02977058
val_9160.JPEG,n02504458
val_9161.JPEG,n03637318
val_9162.JPEG,n04311004
val_9163.JPEG,n01443537
val_9164.JPEG,n02963159
val_9165.JPEG,n02802426
val_9166.JPEG,n03763968
val_9167.JPEG,n02977058
val_9168.JPEG,n01774384
val_9169.JPEG,n04311004
val_9170.JPEG,n03179701
val_9171.JPEG,n02233338
val_9172.JPEG,n02233338
val_9173.JPEG,n02977058
val_9174.JPEG,n02123394
val_9175.JPEG,n01770393
val_9176.JPEG,n03980874
val_9177.JPEG,n02395406
val_9178.JPEG,n03179701
val_9179.JPEG,n03179701
val_9180.JPEG,n03179701
val_9181.JPEG,n02233338
val_9182.JPEG,n02963159
val_9183.JPEG,n02977058
val_9184.JPEG,n02504458
val_9185.JPEG,n07873807
val_9186.JPEG,n02058221
val_9187.JPEG,n02977058
val_9188.JPEG,n03179701
val_9189.JPEG,n02486410
val_9190.JPEG,n02977058
val_9191.JPEG,n02480495
val_9192.JPEG,n02233338
val_9193.JPEG,n03763968
val_9194.JPEG,n02123394
val_9195.JPEG,n02977058
val_9196.JPEG,n04562935
val_9197.JPEG,n02977058
val_9198.JPEG,n02802426
val_9199.JPEG,n02123394
val_9200.JPEG,n02977058
val_9201.JPEG,n01443537
val_9202.JPEG,n02802426
val_9203.JPEG,n02058221
val_9204.JPEG,n01443537
val_9205.JPEG,n04562935
val_9206.JPEG,n03763968
val_9207.JPEG,n02123394
val_9208.JPEG,n02486410
val_9209.JPEG,n07873807
val_9210.JPEG,n03763968
val_9211.JPEG,n02395406
val_9212.JPEG,n02963159
val_9213.JPEG,n02977058
val_9214.JPEG,n03179701
val_9215.JPEG,n01443537
val_9216.JPEG,n02480495
val_9217.JPEG,n04311004
val_9218.JPEG,n07873807
val_9219.JPEG,n02233338
val_9220.JPEG,n03179701
val_9221.JPEG,n01443537
val_9222.JPEG,n03179701
val_9223.JPEG,n03637318
val_9224.JPEG,n01443537
val_9225.JPEG,n02802426
val_9226.JPEG,n03637318
val_9227.JPEG,n02233338
val_9228.JPEG,n02486410
val_9229.JPEG,n03763968
val_9230.JPEG,n03637318
val_9231.JPEG,n02233338
val_9232.JPEG,n02058221
val_9233.JPEG,n02480495
val_9234.JPEG,n02486410
val_9235.JPEG,n04562935
val_9236.JPEG,n02233338
val_9237.JPEG,n02233338
val_9238.JPEG,n02977058
val_9239.JPEG,n02504458
val_9240.JPEG,n02123394
val_9241.JPEG,n02486410
val_9242.JPEG,n02480495
val_9243.JPEG,n02977058
val_9244.JPEG,n02802426
val_9245.JPEG,n03179701
val_9246.JPEG,n01770393
val_9247.JPEG,n02480495
val_9248.JPEG,n02977058
val_9249.JPEG,n03179701
val_9250.JPEG,n02486410
val_9251.JPEG,n02504458
val_9252.JPEG,n02395406
val_9253.JPEG,n02977058
val_9254.JPEG,n02977058
val_9255.JPEG,n02977058
val_9256.JPEG,n02058221
val_9257.JPEG,n02486410
val_9258.JPEG,n02977058
val_9259.JPEG,n01770393
val_9260.JPEG,n02233338
val_9261.JPEG,n02233338
val_9262.JPEG,n02480495
val_9263.JPEG,n02486410
val_9264.JPEG,n04311004
val_9265.JPEG,n02233338
val_9266.JPEG,n02802426
val_9267.JPEG,n02123394
val_9268.JPEG,n02058221
val_9269.JPEG,n02977058
val_9270.JPEG,n03637318
val_9271.JPEG,n02963159
val_9272.JPEG,n02977058
val_9273.JPEG,n02963159
val_9274.JPEG,n03763968
val_9275.JPEG,n01770393
val_9276.JPEG,n03980874
val_9277.JPEG,n02977058
val_9278.JPEG,n02977058
val_9279.JPEG,n01443537
val_9280.JPEG,n02977058
val_9281.JPEG,n02486410
val_9282.JPEG,n02480495
val_9283.JPEG,n03763968
val_9284.JPEG,n02963159
val_9285.JPEG,n03637318
val_9286.JPEG,n07873807
val_9287.JPEG,n02123394
val_9288.JPEG,n01770393
val_9289.JPEG,n02977058
val_9290.JPEG,n02480495
val_9291.JPEG,n02058221
val_9292.JPEG,n02963159
val_9293.JPEG,n01443537
val_9294.JPEG,n01770393
val_9295.JPEG,n01443537
val_9296.JPEG,n03637318
val_9297.JPEG,n02802426
val_9298.JPEG,n01770393
val_9299.JPEG,n02977058
val_9300.JPEG,n01443537
val_9301.JPEG,n02504458
val_9302.JPEG,n02977058
val_9303.JPEG,n02504458
val_9304.JPEG,n03637318
val_9305.JPEG,n04311004
val_9306.JPEG,n03179701
val_9307.JPEG,n01770393
val_9308.JPEG,n02802426
val_9309.JPEG,n02233338
val_9310.JPEG,n03763968
val_9311.JPEG,n01770393
val_9312.JPEG,n02480495
val_9313.JPEG,n02802426
val_9314.JPEG,n03179701
val_9315.JPEG,n03179701
val_9316.JPEG,n01770393
val_9317.JPEG,n03179701
val_9318.JPEG,n01443537
val_9319.JPEG,n02233338
val_9320.JPEG,n02977058
val_9321.JPEG,n01443537
val_9322.JPEG,n03179701
val_9323.JPEG,n02233338
val_9324.JPEG,n03763968
val_9325.JPEG,n02963159
val_9326.JPEG,n02395406
val_9327.JPEG,n02233338
val_9328.JPEG,n02395406
val_9329.JPEG,n02977058
val_9330.JPEG,n02486410
val_9331.JPEG,n04311004
val_9332.JPEG,n02123394
val_9333.JPEG,n03763968
val_9334.JPEG,n02977058
val_9335.JPEG,n01443537
val_9336.JPEG,n02486410
val_9337.JPEG,n02480495
val_9338.JPEG,n02963159
val_9339.JPEG,n03980874
val_9340.JPEG,n02233338
val_9341.JPEG,n02395406
val_9342.JPEG,n02486410
val_9343.JPEG,n04311004
val_9344.JPEG,n02977058
val_9345.JPEG,n01443537
val_9346.JPEG,n02395406
val_9347.JPEG,n01443537
val_9348.JPEG,n02486410
val_9349.JPEG,n03179701
val_9350.JPEG,n02233338
val_9351.JPEG,n02977058
val_9352.JPEG,n02058221
val_9353.JPEG,n03763968
val_9354.JPEG,n02123394
val_9355.JPEG,n03763968
val_9356.JPEG,n02977058
val_9357.JPEG,n01770393
val_9358.JPEG,n02486410
val_9359.JPEG,n03637318
val_9360.JPEG,n03179701
val_9361.JPEG,n03980874
val_9362.JPEG,n02233338
val_9363.JPEG,n03637318
val_9364.JPEG,n03637318
val_9365.JPEG,n02977058
val_9366.JPEG,n02977058
val_9367.JPEG,n03980874
val_9368.JPEG,n03980874
val_9369.JPEG,n02058221
val_9370.JPEG,n02395406
val_9371.JPEG,n04562935
val_9372.JPEG,n02480495
val_9373.JPEG,n02395406
val_9374.JPEG,n03637318
val_9375.JPEG,n01443537
val_9376.JPEG,n02480495
val_9377.JPEG,n02963159
val_9378.JPEG,n02977058
val_9379.JPEG,n02802426
val_9380.JPEG,n02395406
val_9381.JPEG,n02977058
val_9382.JPEG,n01774384
val_9383.JPEG,n04562935
val_9384.JPEG,n03637318
val_9385.JPEG,n02802426
val_9386.JPEG,n02058221
val_9387.JPEG,n01770393
val_9388.JPEG,n02233338
val_9389.JPEG,n02233338
val_9390.JPEG,n02058221
val_9391.JPEG,n02395406
val_9392.JPEG,n02486410
val_9393.JPEG,n02802426
val_9394.JPEG,n04562935
val_9395.JPEG,n02963159
val_9396.JPEG,n02977058
val_9397.JPEG,n02480495
val_9398.JPEG,n01443537
val_9399.JPEG,n02486410
val_9400.JPEG,n03763968
val_9401.JPEG,n02963159
val_9402.JPEG,n03179701
val_9403.JPEG,n02802426
val_9404.JPEG,n02977058
val_9405.JPEG,n02977058
val_9406.JPEG,n03763968
val_9407.JPEG,n02977058
val_9408.JPEG,n03179701
val_9409.JPEG,n02058221
val_9410.JPEG,n02480495
val_9411.JPEG,n02233338
val_9412.JPEG,n03179701
val_9413.JPEG,n02395406
val_9414.JPEG,n02233338
val_9415.JPEG,n02480495
val_9416.JPEG,n02058221
val_9417.JPEG,n02963159
val_9418.JPEG,n03179701
val_9419.JPEG,n04311004
val_9420.JPEG,n02977058
val_9421.JPEG,n04311004
val_9422.JPEG,n04311004
val_9423.JPEG,n04311004
val_9424.JPEG,n02123394
val_9425.JPEG,n02802426
val_9426.JPEG,n01443537
val_9427.JPEG,n02802426
val_9428.JPEG,n03637318
val_9429.JPEG,n04562935
val_9430.JPEG,n02123394
val_9431.JPEG,n02480495
val_9432.JPEG,n02123394
val_9433.JPEG,n02802426
val_9434.JPEG,n02977058
val_9435.JPEG,n03763968
val_9436.JPEG,n02395406
val_9437.JPEG,n02977058
val_9438.JPEG,n02977058
val_9439.JPEG,n02963159
val_9440.JPEG,n01770393
val_9441.JPEG,n02963159
val_9442.JPEG,n02123394
val_9443.JPEG,n02058221
val_9444.JPEG,n02504458
val_9445.JPEG,n03179701
val_9446.JPEG,n02480495
val_9447.JPEG,n02058221
val_9448.JPEG,n03980874
val_9449.JPEG,n04311004
val_9450.JPEG,n02123394
val_9451.JPEG,n02233338
val_9452.JPEG,n03763968
val_9453.JPEG,n03763968
val_9454.JPEG,n02123394
val_9455.JPEG,n01770393
val_9456.JPEG,n03980874
val_9457.JPEG,n03980874
val_9458.JPEG,n02058221
val_9459.JPEG,n04562935
val_9460.JPEG,n02233338
val_9461.JPEG,n01770393
val_9462.JPEG,n02480495
val_9463.JPEG,n02395406
val_9464.JPEG,n01443537
val_9465.JPEG,n02963159
val_9466.JPEG,n02802426
val_9467.JPEG,n01443537
val_9468.JPEG,n02123394
val_9469.JPEG,n02123394
val_9470.JPEG,n03179701
val_9471.JPEG,n02480495
val_9472.JPEG,n02233338
val_9473.JPEG,n02977058
val_9474.JPEG,n03179701
val_9475.JPEG,n02977058
val_9476.JPEG,n02123394
val_9477.JPEG,n07873807
val_9478.JPEG,n02486410
val_9479.JPEG,n02486410
val_9480.JPEG,n03179701
val_9481.JPEG,n01770393
val_9482.JPEG,n02802426
val_9483.JPEG,n02486410
val_9484.JPEG,n02802426
val_9485.JPEG,n02977058
val_9486.JPEG,n01443537
val_9487.JPEG,n02480495
val_9488.JPEG,n02395406
val_9489.JPEG,n03179701
val_9490.JPEG,n02963159
val_9491.JPEG,n07873807
val_9492.JPEG,n03637318
val_9493.JPEG,n01443537
val_9494.JPEG,n03763968
val_9495.JPEG,n01770393
val_9496.JPEG,n02123394
val_9497.JPEG,n02977058
val_9498.JPEG,n02123394
val_9499.JPEG,n02977058
val_9500.JPEG,n02977058
val_9501.JPEG,n03980874
val_9502.JPEG,n03637318
val_9503.JPEG,n01770393
val_9504.JPEG,n02504458
val_9505.JPEG,n03179701
val_9506.JPEG,n01443537
val_9507.JPEG,n02802426
val_9508.JPEG,n02977058
val_9509.JPEG,n01774384
val_9510.JPEG,n02058221
val_9511.JPEG,n02977058
val_9512.JPEG,n01770393
val_9513.JPEG,n02963159
val_9514.JPEG,n01774384
val_9515.JPEG,n02977058
val_9516.JPEG,n04311004
val_9517.JPEG,n04562935
val_9518.JPEG,n01443537
val_9519.JPEG,n02123394
val_9520.JPEG,n04311004
val_9521.JPEG,n03179701
val_9522.JPEG,n02802426
val_9523.JPEG,n07873807
val_9524.JPEG,n02977058
val_9525.JPEG,n02977058
val_9526.JPEG,n01770393
val_9527.JPEG,n02233338
val_9528.JPEG,n01443537
val_9529.JPEG,n03637318
val_9530.JPEG,n03763968
val_9531.JPEG,n02395406
val_9532.JPEG,n03637318
val_9533.JPEG,n02480495
val_9534.JPEG,n07873807
val_9535.JPEG,n01770393
val_9536.JPEG,n02977058
val_9537.JPEG,n03763968
val_9538.JPEG,n02233338
val_9539.JPEG,n03179701
val_9540.JPEG,n01443537
val_9541.JPEG,n04562935
val_9542.JPEG,n02395406
val_9543.JPEG,n02395406
val_9544.JPEG,n02486410
val_9545.JPEG,n02480495
val_9546.JPEG,n01770393
val_9547.JPEG,n02963159
val_9548.JPEG,n02233338
val_9549.JPEG,n02977058
val_9550.JPEG,n03179701
val_9551.JPEG,n07873807
val_9552.JPEG,n02480495
val_9553.JPEG,n02233338
val_9554.JPEG,n02977058
val_9555.JPEG,n03637318
val_9556.JPEG,n02802426
val_9557.JPEG,n02058221
val_9558.JPEG,n02486410
val_9559.JPEG,n02480495
val_9560.JPEG,n01443537
val_9561.JPEG,n02233338
val_9562.JPEG,n01443537
val_9563.JPEG,n01443537
val_9564.JPEG,n02977058
val_9565.JPEG,n02480495
val_9566.JPEG,n02123394
val_9567.JPEG,n02123394
val_9568.JPEG,n03179701
val_9569.JPEG,n03763968
val_9570.JPEG,n02802426
val_9571.JPEG,n03763968
val_9572.JPEG,n02977058
val_9573.JPEG,n02123394
val_9574.JPEG,n01443537
val_9575.JPEG,n02963159
val_9576.JPEG,n01774384
val_9577.JPEG,n01770393
val_9578.JPEG,n02802426
val_9579.JPEG,n01443537
val_9580.JPEG,n02123394
val_9581.JPEG,n03179701
val_9582.JPEG,n03763968
val_9583.JPEG,n03179701
val_9584.JPEG,n02480495
val_9585.JPEG,n01443537
val_9586.JPEG,n02123394
val_9587.JPEG,n01770393
val_9588.JPEG,n03763968
val_9589.JPEG,n02480495
val_9590.JPEG,n01443537
val_9591.JPEG,n03980874
val_9592.JPEG,n03980874
val_9593.JPEG,n02977058
val_9594.JPEG,n04562935
val_9595.JPEG,n01770393
val_9596.JPEG,n03179701
val_9597.JPEG,n02395406
val_9598.JPEG,n04562935
val_9599.JPEG,n03763968
val_9600.JPEG,n02504458
val_9601.JPEG,n03179701
val_9602.JPEG,n04311004
val_9603.JPEG,n02233338
val_9604.JPEG,n01443537
val_9605.JPEG,n02486410
val_9606.JPEG,n03763968
val_9607.JPEG,n02977058
val_9608.JPEG,n02480495
val_9609.JPEG,n02977058
val_9610.JPEG,n02802426
val_9611.JPEG,n02977058
val_9612.JPEG,n03763968
val_9613.JPEG,n02480495
val_9614.JPEG,n02504458
val_9615.JPEG,n02395406
val_9616.JPEG,n01443537
val_9617.JPEG,n02963159
val_9618.JPEG,n03179701
val_9619.JPEG,n02977058
val_9620.JPEG,n03637318
val_9621.JPEG,n02123394
val_9622.JPEG,n02123394
val_9623.JPEG,n04311004
val_9624.JPEG,n01774384
val_9625.JPEG,n04311004
val_9626.JPEG,n02395406
val_9627.JPEG,n02058221
val_9628.JPEG,n02486410
val_9629.JPEG,n02963159
val_9630.JPEG,n02480495
val_9631.JPEG,n03637318
val_9632.JPEG,n02233338
val_9633.JPEG,n04311004
val_9634.JPEG,n02480495
val_9635.JPEG,n03179701
val_9636.JPEG,n03763968
val_9637.JPEG,n02977058
val_9638.JPEG,n03179701
val_9639.JPEG,n04562935
val_9640.JPEG,n03179701
val_9641.JPEG,n01443537
val_9642.JPEG,n02977058
val_9643.JPEG,n02480495
val_9644.JPEG,n02486410
val_9645.JPEG,n02977058
val_9646.JPEG,n03637318
val_9647.JPEG,n02802426
val_9648.JPEG,n03179701
val_9649.JPEG,n01770393
val_9650.JPEG,n02123394
val_9651.JPEG,n04311004
val_9652.JPEG,n02123394
val_9653.JPEG,n02802426
val_9654.JPEG,n03179701
val_9655.JPEG,n03179701
val_9656.JPEG,n02963159
val_9657.JPEG,n01774384
val_9658.JPEG,n02977058
val_9659.JPEG,n02233338
val_9660.JPEG,n01774384
val_9661.JPEG,n02123394
val_9662.JPEG,n02802426
val_9663.JPEG,n04311004
val_9664.JPEG,n02058221
val_9665.JPEG,n02802426
val_9666.JPEG,n02977058
val_9667.JPEG,n02395406
val_9668.JPEG,n02977058
val_9669.JPEG,n02058221
val_9670.JPEG,n02395406
val_9671.JPEG,n02802426
val_9672.JPEG,n02802426
val_9673.JPEG,n02123394
val_9674.JPEG,n04562935
val_9675.JPEG,n02977058
val_9676.JPEG,n01774384
val_9677.JPEG,n02233338
val_9678.JPEG,n02123394
val_9679.JPEG,n02233338
val_9680.JPEG,n02233338
val_9681.JPEG,n02123394
val_9682.JPEG,n02480495
val_9683.JPEG,n02504458
val_9684.JPEG,n02233338
val_9685.JPEG,n07873807
val_9686.JPEG,n02123394
val_9687.JPEG,n02963159
val_9688.JPEG,n02977058
val_9689.JPEG,n02963159
val_9690.JPEG,n03179701
val_9691.JPEG,n02486410
val_9692.JPEG,n03179701
val_9693.JPEG,n02486410
val_9694.JPEG,n03179701
val_9695.JPEG,n02123394
val_9696.JPEG,n03179701
val_9697.JPEG,n04311004
val_9698.JPEG,n02058221
val_9699.JPEG,n03179701
val_9700.JPEG,n02802426
val_9701.JPEG,n02123394
val_9702.JPEG,n02977058
val_9703.JPEG,n02233338
val_9704.JPEG,n02123394
val_9705.JPEG,n07873807
val_9706.JPEG,n02977058
val_9707.JPEG,n01770393
val_9708.JPEG,n02058221
val_9709.JPEG,n02977058
val_9710.JPEG,n02977058
val_9711.JPEG,n02123394
val_9712.JPEG,n02486410
val_9713.JPEG,n03637318
val_9714.JPEG,n03179701
val_9715.JPEG,n02058221
val_9716.JPEG,n02233338
val_9717.JPEG,n02233338
val_9718.JPEG,n02802426
val_9719.JPEG,n02395406
val_9720.JPEG,n01770393
val_9721.JPEG,n02977058
val_9722.JPEG,n02480495
val_9723.JPEG,n01770393
val_9724.JPEG,n02802426
val_9725.JPEG,n02963159
val_9726.JPEG,n02802426
val_9727.JPEG,n04562935
val_9728.JPEG,n04562935
val_9729.JPEG,n01443537
val_9730.JPEG,n03980874
val_9731.JPEG,n02058221
val_9732.JPEG,n01770393
val_9733.JPEG,n02480495
val_9734.JPEG,n02504458
val_9735.JPEG,n01770393
val_9736.JPEG,n03763968
val_9737.JPEG,n07873807
val_9738.JPEG,n04311004
val_9739.JPEG,n02977058
val_9740.JPEG,n02058221
val_9741.JPEG,n03179701
val_9742.JPEG,n03179701
val_9743.JPEG,n04562935
val_9744.JPEG,n01443537
val_9745.JPEG,n02977058
val_9746.JPEG,n03637318
val_9747.JPEG,n04562935
val_9748.JPEG,n02977058
val_9749.JPEG,n02504458
val_9750.JPEG,n02395406
val_9751.JPEG,n02058221
val_9752.JPEG,n03179701
val_9753.JPEG,n03179701
val_9754.JPEG,n02977058
val_9755.JPEG,n01443537
val_9756.JPEG,n01770393
val_9757.JPEG,n02977058
val_9758.JPEG,n02233338
val_9759.JPEG,n02486410
val_9760.JPEG,n02977058
val_9761.JPEG,n01443537
val_9762.JPEG,n01770393
val_9763.JPEG,n02233338
val_9764.JPEG,n02123394
val_9765.JPEG,n03763968
val_9766.JPEG,n02480495
val_9767.JPEG,n02123394
val_9768.JPEG,n02395406
val_9769.JPEG,n02963159
val_9770.JPEG,n02802426
val_9771.JPEG,n02504458
val_9772.JPEG,n02395406
val_9773.JPEG,n03763968
val_9774.JPEG,n02963159
val_9775.JPEG,n04311004
val_9776.JPEG,n02486410
val_9777.JPEG,n03980874
val_9778.JPEG,n01443537
val_9779.JPEG,n01443537
val_9780.JPEG,n02504458
val_9781.JPEG,n01443537
val_9782.JPEG,n01443537
val_9783.JPEG,n02802426
val_9784.JPEG,n01770393
val_9785.JPEG,n02977058
val_9786.JPEG,n02963159
val_9787.JPEG,n02123394
val_9788.JPEG,n02486410
val_9789.JPEG,n02233338
val_9790.JPEG,n01443537
val_9791.JPEG,n03763968
val_9792.JPEG,n02395406
val_9793.JPEG,n02058221
val_9794.JPEG,n04562935
val_9795.JPEG,n03637318
val_9796.JPEG,n02480495
val_9797.JPEG,n03179701
val_9798.JPEG,n02233338
val_9799.JPEG,n03763968
val_9800.JPEG,n04311004
val_9801.JPEG,n02486410
val_9802.JPEG,n02802426
val_9803.JPEG,n02802426
val_9804.JPEG,n02233338
val_9805.JPEG,n02977058
val_9806.JPEG,n02123394
val_9807.JPEG,n01443537
val_9808.JPEG,n03179701
val_9809.JPEG,n03637318
val_9810.JPEG,n04562935
val_9811.JPEG,n04562935
val_9812.JPEG,n02058221
val_9813.JPEG,n02963159
val_9814.JPEG,n02123394
val_9815.JPEG,n04311004
val_9816.JPEG,n02058221
val_9817.JPEG,n01443537
val_9818.JPEG,n02058221
val_9819.JPEG,n02963159
val_9820.JPEG,n02963159
val_9821.JPEG,n02802426
val_9822.JPEG,n03980874
val_9823.JPEG,n01770393
val_9824.JPEG,n02977058
val_9825.JPEG,n02233338
val_9826.JPEG,n04311004
val_9827.JPEG,n02480495
val_9828.JPEG,n02504458
val_9829.JPEG,n02504458
val_9830.JPEG,n07873807
val_9831.JPEG,n02123394
val_9832.JPEG,n03179701
val_9833.JPEG,n02977058
val_9834.JPEG,n04562935
val_9835.JPEG,n01443537
val_9836.JPEG,n02233338
val_9837.JPEG,n02233338
val_9838.JPEG,n02233338
val_9839.JPEG,n01770393
val_9840.JPEG,n01770393
val_9841.JPEG,n02480495
val_9842.JPEG,n02802426
val_9843.JPEG,n01770393
val_9844.JPEG,n02486410
val_9845.JPEG,n03637318
val_9846.JPEG,n01443537
val_9847.JPEG,n02395406
val_9848.JPEG,n07873807
val_9849.JPEG,n01770393
val_9850.JPEG,n03763968
val_9851.JPEG,n02977058
val_9852.JPEG,n02963159
val_9853.JPEG,n02504458
val_9854.JPEG,n03637318
val_9855.JPEG,n01770393
val_9856.JPEG,n02802426
val_9857.JPEG,n02395406
val_9858.JPEG,n02977058
val_9859.JPEG,n03179701
val_9860.JPEG,n02480495
val_9861.JPEG,n02963159
val_9862.JPEG,n03179701
val_9863.JPEG,n03637318
val_9864.JPEG,n03179701
val_9865.JPEG,n02977058
val_9866.JPEG,n01443537
val_9867.JPEG,n03179701
val_9868.JPEG,n03637318
val_9869.JPEG,n02977058
val_9870.JPEG,n02977058
val_9871.JPEG,n04311004
val_9872.JPEG,n02233338
val_9873.JPEG,n04311004
val_9874.JPEG,n02233338
val_9875.JPEG,n02123394
val_9876.JPEG,n02963159
val_9877.JPEG,n02480495
val_9878.JPEG,n02233338
val_9879.JPEG,n02480495
val_9880.JPEG,n02480495
val_9881.JPEG,n03980874
val_9882.JPEG,n01443537
val_9883.JPEG,n01770393
val_9884.JPEG,n03763968
val_9885.JPEG,n01770393
val_9886.JPEG,n07873807
val_9887.JPEG,n01770393
val_9888.JPEG,n07873807
val_9889.JPEG,n02395406
val_9890.JPEG,n03980874
val_9891.JPEG,n02802426
val_9892.JPEG,n02504458
val_9893.JPEG,n02480495
val_9894.JPEG,n02233338
val_9895.JPEG,n03763968
val_9896.JPEG,n03763968
val_9897.JPEG,n02486410
val_9898.JPEG,n02963159
val_9899.JPEG,n03637318
val_9900.JPEG,n02802426
val_9901.JPEG,n03763968
val_9902.JPEG,n03637318
val_9903.JPEG,n02977058
val_9904.JPEG,n02123394
val_9905.JPEG,n01770393
val_9906.JPEG,n02233338
val_9907.JPEG,n02504458
val_9908.JPEG,n01774384
val_9909.JPEG,n03980874
val_9910.JPEG,n03637318
val_9911.JPEG,n03179701
val_9912.JPEG,n02802426
val_9913.JPEG,n02123394
val_9914.JPEG,n01770393
val_9915.JPEG,n02480495
val_9916.JPEG,n01443537
val_9917.JPEG,n04311004
val_9918.JPEG,n03637318
val_9919.JPEG,n01770393
val_9920.JPEG,n04562935
val_9921.JPEG,n02504458
val_9922.JPEG,n04311004
val_9923.JPEG,n02395406
val_9924.JPEG,n02233338
val_9925.JPEG,n02977058
val_9926.JPEG,n02058221
val_9927.JPEG,n02123394
val_9928.JPEG,n03637318
val_9929.JPEG,n04562935
val_9930.JPEG,n03179701
val_9931.JPEG,n03980874
val_9932.JPEG,n03179701
val_9933.JPEG,n03179701
val_9934.JPEG,n02123394
val_9935.JPEG,n01770393
val_9936.JPEG,n02123394
val_9937.JPEG,n02395406
val_9938.JPEG,n01770393
val_9939.JPEG,n03179701
val_9940.JPEG,n01443537
val_9941.JPEG,n03179701
val_9942.JPEG,n04562935
val_9943.JPEG,n04562935
val_9944.JPEG,n02486410
val_9945.JPEG,n02480495
val_9946.JPEG,n02977058
val_9947.JPEG,n04311004
val_9948.JPEG,n02504458
val_9949.JPEG,n02233338
val_9950.JPEG,n01770393
val_9951.JPEG,n01774384
val_9952.JPEG,n02233338
val_9953.JPEG,n03179701
val_9954.JPEG,n03179701
val_9955.JPEG,n02233338
val_9956.JPEG,n01770393
val_9957.JPEG,n01770393
val_9958.JPEG,n02802426
val_9959.JPEG,n01770393
val_9960.JPEG,n02977058
val_9961.JPEG,n03637318
val_9962.JPEG,n02233338
val_9963.JPEG,n03763968
val_9964.JPEG,n03179701
val_9965.JPEG,n01770393
val_9966.JPEG,n01443537
val_9967.JPEG,n02963159
val_9968.JPEG,n02395406
val_9969.JPEG,n03179701
val_9970.JPEG,n02977058
val_9971.JPEG,n01774384
val_9972.JPEG,n02504458
val_9973.JPEG,n02233338
val_9974.JPEG,n01774384
val_9975.JPEG,n01774384
val_9976.JPEG,n04311004
val_9977.JPEG,n02233338
val_9978.JPEG,n04562935
val_9979.JPEG,n02395406
val_9980.JPEG,n02395406
val_9981.JPEG,n02977058
val_9982.JPEG,n02486410
val_9983.JPEG,n02486410
val_9984.JPEG,n02233338
val_9985.JPEG,n02395406
val_9986.JPEG,n01770393
val_9987.JPEG,n02963159
val_9988.JPEG,n02802426
val_9989.JPEG,n01770393
val_9990.JPEG,n02480495
val_9991.JPEG,n03980874
val_9992.JPEG,n02480495
val_9993.JPEG,n07873807
val_9994.JPEG,n01770393
val_9995.JPEG,n02977058
val_9996.JPEG,n03179701
val_9997.JPEG,n03637318
val_9998.JPEG,n01770393
val_9999.JPEG,n01770393
